# File generated by CMD 3.7 (http://stev.oapd.inaf.it/cmd) on Tue Oct 24 16:01:29 CEST 2023
# isochrones based on PARSEC release v1.2S +  COLIBRI S_37 + S_35 + PR16
# Basic references: Bressan et al. (2012), MNRAS, 427, 127 + Chen et al. (2014, 2015), MNRAS, 444, 2525 + MNRAS, 452, 1068 + Tang et al. (2014), MNRAS, 445, 4287 + Marigo et al. (2017), ApJ, 835, 77 + Pastorelli al. (2019), MNRAS, 485, 5666 + Pastorelli al. (2020), MNRAS, in press
# Thermal pulse cycles included 
# On RGB, assumed Reimers mass loss with efficiency eta=0.2
# LPV periods and growth rates added cf. Trabucchi et al. (2019)
# but fundamental-mode LPV periods are from Trabucchi et al. (2021)
# Photometric system: <i>UBVRIJHK</i> (cf. Maiz-Apellaniz 2006 + Bessell 1990)
# Using YBC version of bolometric corrections as in Chen et al. (2019)
# O-rich circumstellar dpmod60alox40 dust from Groenewegen (2006)
# C-rich circumstellar AMCSIC15 dust from Groenewegen (2006)
# IMF: Kroupa (2001, 2002) + Kroupa et al. (2013) canonical two-part-power law IMF corrected for unresolved binaries 
# Kind of output: isochrone tables
# Zini     MH   logAge Mini        int_IMF         Mass   logL    logTe  logg  label   McoreTP C_O  period0  period1  period2  period3  period4  pmode  Mloss  tau1m   X   Y   Xc  Xn  Xo  Cexcess  Z 	 mbolmag  Umag    Bmag    Vmag    Rmag    Imag    Jmag    Hmag    Kmag
0.0152 0.01508 4.00000 0.0900000036 1.0816895926    0.090 -0.510  3.4375  2.604    0  0.000  0.545     0.00     0.00     0.00     0.00     0.00 -1 -6.05e-15      0.00 7.092e-01 2.755e-01 2.746e-03 7.408e-04 6.719e-03 -1.000 1.527e-02 6.044 11.839 11.148 9.921 8.285 6.354 4.000 3.401 3.044
0.0152 0.01508 4.00000 0.1000000015 1.1711064122    0.100 -0.414  3.4418  2.572    0  0.000  0.545     0.00     0.00     0.00     0.00     0.00 -1 -3.83e-13      0.00 7.092e-01 2.755e-01 2.746e-03 7.408e-04 6.719e-03 -1.000 1.527e-02 5.806 11.530 10.841 9.635 8.016 6.095 3.765 3.149 2.809
0.0152 0.01508 4.00000 0.1200000122 1.3193155232    0.120 -0.230  3.4550  2.519    0  0.000  0.545     0.00     0.00     0.00     0.00     0.00 -1 -1.19e-12      0.00 7.092e-01 2.755e-01 2.746e-03 7.408e-04 6.719e-03 -1.000 1.527e-02 5.346 10.906 10.202 9.049 7.476 5.580 3.323 2.637 2.350
0.0152 0.01508 4.00000 0.1400000006 1.4384526719    0.140 -0.054  3.4737  2.485    0  0.000  0.545     0.00     0.00     0.00     0.00     0.00 -1 -1.72e-12      0.00 7.092e-01 2.755e-01 2.746e-03 7.408e-04 6.719e-03 -1.000 1.527e-02 4.905 10.323 9.550 8.450 6.936 5.069 2.930 2.131 1.898
0.0152 0.01508 4.00000 0.1511580795 1.4956978250    0.151  0.030  3.4838  2.474    0  0.000  0.545     0.00     0.00     0.00     0.00     0.00 -1 -2.03e-12      0.00 7.092e-01 2.755e-01 2.746e-03 7.408e-04 6.719e-03 -1.000 1.527e-02 4.695 10.069 9.254 8.181 6.688 4.831 2.742 1.895 1.681
0.0152 0.01508 4.00000 0.1727226079 1.5921694330    0.173  0.171  3.5003  2.457    0  0.000  0.545     0.00     0.00     0.00     0.00     0.00 -1 -2.68e-12      0.00 7.092e-01 2.755e-01 2.746e-03 7.408e-04 6.719e-03 -1.000 1.527e-02 4.342 9.652 8.744 7.700 6.253 4.418 2.427 1.522 1.328
0.0152 0.01508 4.00000 0.1939888149 1.6730782708    0.194  0.295  3.5139  2.438    0  0.000  0.545     0.00     0.00     0.00     0.00     0.00 -1 -3.44e-12      0.00 7.092e-01 2.755e-01 2.746e-03 7.408e-04 6.719e-03 -1.000 1.527e-02 4.033 9.265 8.233 7.182 5.805 4.016 2.157 1.223 1.034
0.0152 0.01508 4.00000 0.2126915306 1.7352413374    0.213  0.385  3.5239  2.429    0  0.000  0.545     0.00     0.00     0.00     0.00     0.00 -1 -4.08e-12      0.00 7.092e-01 2.755e-01 2.746e-03 7.408e-04 6.719e-03 -1.000 1.527e-02 3.809 8.972 7.824 6.752 5.444 3.705 1.963 1.018 0.831
0.0152 0.01508 4.00000 0.2378658652 1.8085167354    0.238  0.493  3.5356  2.416    0  0.000  0.545     0.00     0.00     0.00     0.00     0.00 -1 -5.03e-12      0.00 7.092e-01 2.755e-01 2.746e-03 7.408e-04 6.719e-03 -1.000 1.527e-02 3.537 8.618 7.294 6.166 4.963 3.317 1.731 0.781 0.598
0.0152 0.01508 4.00000 0.2596095800 1.8641254866    0.260  0.577  3.5444  2.405    0  0.000  0.545     0.00     0.00     0.00     0.00     0.00 -1 -5.91e-12      0.00 7.092e-01 2.755e-01 2.746e-03 7.408e-04 6.719e-03 -1.000 1.527e-02 3.328 8.340 6.873 5.688 4.567 3.021 1.553 0.606 0.426
0.0152 0.01508 4.00000 0.2957448661 1.9443130393    0.296  0.695  3.5564  2.392    0  0.000  0.545     0.00     0.00     0.00     0.00     0.00 -1 -7.37e-12      0.00 7.092e-01 2.755e-01 2.746e-03 7.408e-04 6.719e-03 -1.000 1.527e-02 3.034 7.923 6.291 5.035 4.013 2.624 1.300 0.365 0.191
0.0152 0.01508 4.00000 0.3000000119 1.9529139769    0.300  0.708  3.5577  2.390    0  0.000  0.545     0.00     0.00     0.00     0.00     0.00 -1 -7.57e-12      0.00 7.092e-01 2.755e-01 2.746e-03 7.408e-04 6.719e-03 -1.000 1.527e-02 3.000 7.876 6.227 4.964 3.951 2.580 1.270 0.337 0.164
0.0152 0.01508 4.00000 0.3246324360 1.9997662622    0.325  0.772  3.5642  2.386    0  0.000  0.545     0.00     0.00     0.00     0.00     0.00 -1 -8.47e-12      0.00 7.092e-01 2.755e-01 2.746e-03 7.408e-04 6.719e-03 -1.000 1.527e-02 2.839 7.629 5.919 4.626 3.655 2.375 1.130 0.208 0.040
0.0152 0.01508 4.00000 0.3500000238 2.0434175133    0.350  0.836  3.5703  2.380    0  0.000  0.545     0.00     0.00     0.00     0.00     0.00 -1 -9.51e-12      0.00 7.092e-01 2.755e-01 2.746e-03 7.408e-04 6.719e-03 -1.000 1.527e-02 2.681 7.388 5.630 4.312 3.374 2.181 0.990 0.080 -0.084
0.0152 0.01508 4.00000 0.3597448170 2.0591059342    0.360  0.857  3.5723  2.378    0  0.000  0.545     0.00     0.00     0.00     0.00     0.00 -1 -9.88e-12      0.00 7.092e-01 2.755e-01 2.746e-03 7.408e-04 6.719e-03 -1.000 1.527e-02 2.627 7.302 5.537 4.215 3.284 2.118 0.942 0.036 -0.126
0.0152 0.01508 4.00000 0.4000000358 2.1185024810    0.400  0.945  3.5798  2.367    0  0.000  0.545     0.00     0.00     0.00     0.00     0.00 -1 -1.16e-11      0.00 7.092e-01 2.755e-01 2.746e-03 7.408e-04 6.719e-03 -1.000 1.527e-02 2.409 6.967 5.174 3.834 2.932 1.867 0.743 -0.144 -0.300
0.0152 0.01508 4.00000 0.4324635267 2.1610083105    0.432  1.004  3.5849  2.361    0  0.000  0.545     0.00     0.00     0.00     0.00     0.00 -1 -1.29e-11      0.00 7.092e-01 2.755e-01 2.746e-03 7.408e-04 6.719e-03 -1.000 1.527e-02 2.260 6.728 4.938 3.592 2.702 1.702 0.607 -0.265 -0.417
0.0152 0.01508 4.00000 0.4500000477 2.1822809714    0.450  1.036  3.5873  2.357    0  0.000  0.545     0.00     0.00     0.00     0.00     0.00 -1 -1.37e-11      0.00 7.092e-01 2.755e-01 2.746e-03 7.408e-04 6.719e-03 -1.000 1.527e-02 2.181 6.606 4.816 3.467 2.584 1.615 0.535 -0.330 -0.480
0.0152 0.01508 4.00000 0.4808891714 2.2172493363    0.481  1.084  3.5913  2.354    0  0.000  0.545     0.00     0.00     0.00     0.00     0.00 -1 -1.48e-11      0.00 7.092e-01 2.755e-01 2.746e-03 7.408e-04 6.719e-03 -1.000 1.527e-02 2.061 6.411 4.628 3.278 2.404 1.483 0.425 -0.428 -0.574
0.0152 0.01508 4.00000 0.5000000000 2.2374541529    0.500  1.114  3.5935  2.349    0  0.000  0.545     0.00     0.00     0.00     0.00     0.00 -1 -1.57e-11      0.00 7.092e-01 2.755e-01 2.746e-03 7.408e-04 6.719e-03 -1.000 1.527e-02 1.985 6.292 4.517 3.169 2.299 1.402 0.354 -0.492 -0.635
0.0152 0.01508 4.00000 0.5103537440 2.2478788844    0.510  1.128  3.5946  2.348    0  0.000  0.545     0.00     0.00     0.00     0.00     0.00 -1  -1.6e-11      0.00 7.092e-01 2.755e-01 2.746e-03 7.408e-04 6.719e-03 -1.000 1.527e-02 1.950 6.234 4.465 3.117 2.249 1.364 0.322 -0.521 -0.664
0.0152 0.01508 4.00000 0.5392472744 2.2745511577    0.539  1.169  3.5975  2.342    0  0.000  0.545     0.00     0.00     0.00     0.00     0.00 -1 -1.72e-11      0.00 7.092e-01 2.755e-01 2.746e-03 7.408e-04 6.719e-03 -1.000 1.527e-02 1.847 6.073 4.315 2.969 2.107 1.254 0.226 -0.607 -0.747
0.0152 0.01508 4.00000 0.5500000119 2.2836582633    0.550  1.184  3.5987  2.341    0  0.000  0.545     0.00     0.00     0.00     0.00     0.00 -1 -1.77e-11      0.00 7.092e-01 2.755e-01 2.746e-03 7.408e-04 6.719e-03 -1.000 1.527e-02 1.810 6.013 4.259 2.914 2.055 1.214 0.191 -0.638 -0.777
0.0152 0.01508 4.00000 0.5583847761 2.2904805932    0.558  1.194  3.5994  2.340    0  0.000  0.545     0.00     0.00     0.00     0.00     0.00 -1  -1.8e-11      0.00 7.092e-01 2.755e-01 2.746e-03 7.408e-04 6.719e-03 -1.000 1.527e-02 1.785 5.973 4.222 2.877 2.020 1.187 0.168 -0.659 -0.797
0.0152 0.01508 4.00000 0.5936660171 2.3167756015    0.593  1.238  3.6025  2.335    0  0.000  0.545     0.00     0.00     0.00     0.00     0.00 -1 -1.94e-11      0.00 7.092e-01 2.755e-01 2.746e-03 7.408e-04 6.719e-03 -1.000 1.527e-02 1.675 5.796 4.065 2.725 1.875 1.070 0.065 -0.751 -0.886
0.0152 0.01508 4.00000 0.6000000238 2.3211213258    0.600  1.246  3.6031  2.334    0  0.000  0.545     0.00     0.00     0.00     0.00     0.00 -1 -1.97e-11      0.00 7.092e-01 2.755e-01 2.746e-03 7.408e-04 6.719e-03 -1.000 1.527e-02 1.654 5.764 4.036 2.697 1.848 1.048 0.046 -0.769 -0.903
0.0152 0.01508 4.00000 0.6296511292 2.3401347664    0.630  1.280  3.6053  2.330    0  0.000  0.545     0.00     0.00     0.00     0.00     0.00 -1 -2.09e-11      0.00 7.092e-01 2.755e-01 2.746e-03 7.408e-04 6.719e-03 -1.000 1.527e-02 1.570 5.631 3.918 2.583 1.739 0.959 -0.033 -0.840 -0.973
0.0152 0.01508 4.00000 0.6499999762 2.3520353107    0.650  1.304  3.6069  2.327    0  0.000  0.545     0.00     0.00     0.00     0.00     0.00 -1 -2.18e-11      0.00 7.092e-01 2.755e-01 2.746e-03 7.408e-04 6.719e-03 -1.000 1.527e-02 1.511 5.540 3.836 2.504 1.663 0.897 -0.089 -0.890 -1.022
0.0152 0.01508 4.00000 0.6732842326 2.3646428116    0.673  1.328  3.6084  2.324    0  0.000  0.545     0.00     0.00     0.00     0.00     0.00 -1 -2.27e-11      0.00 7.092e-01 2.755e-01 2.746e-03 7.408e-04 6.719e-03 -1.000 1.527e-02 1.451 5.446 3.752 2.424 1.586 0.834 -0.145 -0.942 -1.072
0.0152 0.01508 4.00000 0.7000000477 2.3779267258    0.700  1.356  3.6101  2.320    0  0.000  0.545     0.00     0.00     0.00     0.00     0.00 -1 -2.39e-11      0.00 7.092e-01 2.755e-01 2.746e-03 7.408e-04 6.719e-03 -1.000 1.527e-02 1.380 5.338 3.655 2.330 1.496 0.759 -0.212 -1.003 -1.131
0.0152 0.01508 4.00000 0.7350687385 2.3936897369    0.735  1.416  3.6144  2.298    0  0.000  0.540     0.00     0.00     0.00     0.00     0.00 -1 -2.75e-11      0.00 7.092e-01 2.755e-01 2.720e-03 7.402e-04 6.720e-03 -1.000 1.527e-02 1.230 5.093 3.445 2.130 1.308 0.601 -0.353 -1.129 -1.254
0.0152 0.01508 4.00000 0.7500000000 2.3998889087    0.750  1.442  3.6160  2.287    0  0.000  0.538     0.00     0.00     0.00     0.00     0.00 -1 -2.93e-11      0.00 7.092e-01 2.755e-01 2.710e-03 7.399e-04 6.720e-03 -1.000 1.527e-02 1.164 4.991 3.357 2.045 1.227 0.532 -0.415 -1.185 -1.308
0.0152 0.01508 4.00000 0.7792522311 2.4112457297    0.779  1.466  3.6175  2.286    0  0.000  0.538     0.00     0.00     0.00     0.00     0.00 -1 -3.03e-11      0.00 7.092e-01 2.755e-01 2.710e-03 7.399e-04 6.720e-03 -1.000 1.527e-02 1.105 4.896 3.276 1.969 1.155 0.471 -0.470 -1.235 -1.357
0.0152 0.01508 4.00000 0.8000000119 2.4187244405    0.800  1.483  3.6186  2.285    0  0.000  0.538     0.00     0.00     0.00     0.00     0.00 -1 -3.11e-11      0.00 7.092e-01 2.755e-01 2.710e-03 7.399e-04 6.720e-03 -1.000 1.527e-02 1.064 4.829 3.219 1.915 1.104 0.427 -0.510 -1.271 -1.392
0.0152 0.01508 4.00000 0.8500000238 2.4350346840    0.850  1.521  3.6209  2.281    0  0.000  0.538     0.00     0.00     0.00     0.00     0.00 -1 -3.32e-11      0.00 7.092e-01 2.755e-01 2.710e-03 7.399e-04 6.720e-03 -1.000 1.527e-02 0.966 4.677 3.089 1.793 0.988 0.326 -0.602 -1.355 -1.474
0.0152 0.01508 4.00000 0.8528129458 2.4358871438    0.852  1.523  3.6210  2.281    0  0.000  0.538     0.00     0.00     0.00     0.00     0.00 -1 -3.33e-11      0.00 7.092e-01 2.755e-01 2.710e-03 7.399e-04 6.720e-03 -1.000 1.527e-02 0.961 4.669 3.082 1.786 0.982 0.320 -0.606 -1.359 -1.478
0.0152 0.01508 4.00000 0.9000000358 2.4492786175    0.899  1.560  3.6228  2.275    0  0.000  0.538     0.00     0.00     0.00     0.00     0.00 -1 -3.55e-11      0.00 7.092e-01 2.755e-01 2.710e-03 7.399e-04 6.720e-03 -1.000 1.527e-02 0.871 4.534 2.966 1.677 0.879 0.226 -0.693 -1.439 -1.557
0.0152 0.01508 4.00000 0.9500000477 2.4618122009    0.950  1.594  3.6247  2.272    0  0.000  0.538     0.00     0.00     0.00     0.00     0.00 -1 -3.75e-11      0.00 7.092e-01 2.755e-01 2.710e-03 7.399e-04 6.720e-03 -1.000 1.527e-02 0.785 4.401 2.854 1.572 0.780 0.138 -0.774 -1.514 -1.630
0.0152 0.01508 4.00000 1.0000000000 2.4729154477    1.000  1.626  3.6264  2.269    0  0.000  0.538     0.00     0.00     0.00     0.00     0.00 -1 -3.95e-11      0.00 7.092e-01 2.755e-01 2.710e-03 7.399e-04 6.720e-03 -1.000 1.527e-02 0.704 4.277 2.749 1.473 0.687 0.054 -0.852 -1.585 -1.700
0.0152 0.01508 4.00000 1.0019156933 2.4733155765    1.002  1.627  3.6265  2.269    0  0.000  0.538     0.00     0.00     0.00     0.00     0.00 -1 -3.95e-11      0.00 7.092e-01 2.755e-01 2.710e-03 7.399e-04 6.720e-03 -1.000 1.527e-02 0.701 4.273 2.745 1.470 0.684 0.051 -0.855 -1.588 -1.702
0.0152 0.01508 4.00000 1.0499999523 2.4828114860    1.050  1.658  3.6279  2.265    0  0.000  0.538     0.00     0.00     0.00     0.00     0.00 -1 -3.87e-11      0.00 7.092e-01 2.755e-01 2.710e-03 7.399e-04 6.720e-03 -1.000 1.527e-02 0.625 4.160 2.648 1.378 0.597 -0.029 -0.928 -1.656 -1.769
0.0152 0.01508 4.00000 1.1000000238 2.4916801480    1.099  1.689  3.6294  2.260    0  0.000  0.538     0.00     0.00     0.00     0.00     0.00 -1 -3.76e-11      0.00 7.092e-01 2.755e-01 2.710e-03 7.399e-04 6.720e-03 -1.000 1.527e-02 0.549 4.049 2.552 1.287 0.511 -0.107 -1.001 -1.723 -1.836
0.0152 0.01508 4.00000 1.1475352049 2.4992927777    1.147  1.716  3.6306  2.256    0  0.000  0.538     0.00     0.00     0.00     0.00     0.00 -1 -3.63e-11      0.00 7.092e-01 2.755e-01 2.710e-03 7.399e-04 6.720e-03 -1.000 1.527e-02 0.480 3.949 2.466 1.206 0.434 -0.178 -1.067 -1.785 -1.896
0.0152 0.01508 4.00000 1.1499999762 2.4996678137    1.149  1.718  3.6307  2.256    0  0.000  0.538     0.00     0.00     0.00     0.00     0.00 -1 -3.63e-11      0.00 7.092e-01 2.755e-01 2.710e-03 7.399e-04 6.720e-03 -1.000 1.527e-02 0.476 3.944 2.462 1.202 0.430 -0.182 -1.071 -1.788 -1.899
0.0152 0.01508 4.00000 1.2000000477 2.5068948796    1.200  1.742  3.6321  2.255    0  0.000  0.538     0.00     0.00     0.00     0.00     0.00 -1 -3.42e-11      0.00 7.092e-01 2.755e-01 2.710e-03 7.399e-04 6.720e-03 -1.000 1.527e-02 0.415 3.847 2.381 1.127 0.361 -0.246 -1.129 -1.842 -1.952
0.0152 0.01508 4.00000 1.2056883574 2.5076735156    1.205  1.745  3.6322  2.255    0  0.000  0.538     0.00     0.00     0.00     0.00     0.00 -1 -3.39e-11      0.00 7.092e-01 2.755e-01 2.710e-03 7.399e-04 6.720e-03 -1.000 1.527e-02 0.408 3.836 2.373 1.119 0.353 -0.253 -1.135 -1.847 -1.957
0.0152 0.01508 4.00000 1.2500000000 2.5134610955    1.250  1.768  3.6332  2.251    0  0.000  0.538     0.00     0.00     0.00     0.00     0.00 -1 -3.22e-11      0.00 7.092e-01 2.755e-01 2.710e-03 7.399e-04 6.720e-03 -1.000 1.527e-02 0.349 3.752 2.300 1.051 0.289 -0.313 -1.192 -1.900 -2.010
0.0152 0.01508 4.00000 1.2999999523 2.5194498592    1.300  1.793  3.6343  2.248    0  0.000  0.538     0.00     0.00     0.00     0.00     0.00 -1 -2.98e-11      0.00 7.092e-01 2.755e-01 2.710e-03 7.399e-04 6.720e-03 -1.000 1.527e-02 0.286 3.662 2.223 0.978 0.220 -0.378 -1.252 -1.957 -2.065
0.0152 0.01508 4.00000 1.3010866642 2.5195741552    1.301  1.794  3.6344  2.248    0  0.000  0.538     0.00     0.00     0.00     0.00     0.00 -1 -2.98e-11      0.00 7.092e-01 2.755e-01 2.710e-03 7.399e-04 6.720e-03 -1.000 1.527e-02 0.285 3.660 2.221 0.976 0.219 -0.379 -1.253 -1.958 -2.066
0.0152 0.01508 4.00000 1.3500001431 2.5249313723    1.350  1.817  3.6354  2.245    0  0.000  0.538     0.00     0.00     0.00     0.00     0.00 -1 -2.72e-11      0.00 7.092e-01 2.755e-01 2.710e-03 7.399e-04 6.720e-03 -1.000 1.527e-02 0.227 3.576 2.149 0.908 0.154 -0.439 -1.309 -2.010 -2.117
0.0152 0.01508 4.00000 1.4000000954 2.5299650415    1.400  1.840  3.6364  2.241    0  0.000  0.538     0.00     0.00     0.00     0.00     0.00 -1 -2.42e-11      0.00 7.092e-01 2.755e-01 2.710e-03 7.399e-04 6.720e-03 -1.000 1.527e-02 0.169 3.493 2.078 0.841 0.091 -0.498 -1.365 -2.062 -2.168
0.0152 0.01508 4.00000 1.4116282463 2.5310770691    1.412  1.845  3.6366  2.241    0  0.000  0.538     0.00     0.00     0.00     0.00     0.00 -1 -2.33e-11      0.00 7.092e-01 2.755e-01 2.710e-03 7.399e-04 6.720e-03 -1.000 1.527e-02 0.157 3.475 2.063 0.827 0.078 -0.511 -1.376 -2.072 -2.179
0.0152 0.01508 4.00000 1.4500000477 2.5346015836    1.450  1.863  3.6373  2.238    0  0.000  0.538     0.00     0.00     0.00     0.00     0.00 -1 -2.09e-11      0.00 7.092e-01 2.755e-01 2.710e-03 7.399e-04 6.720e-03 -1.000 1.527e-02 0.114 3.414 2.010 0.777 0.031 -0.556 -1.418 -2.112 -2.218
0.0152 0.01508 4.00000 1.5000000000 2.5388844597    1.500  1.883  3.6382  2.236    0  0.000  0.538     0.00     0.00     0.00     0.00     0.00 -1 -1.73e-11      0.00 7.092e-01 2.755e-01 2.710e-03 7.399e-04 6.720e-03 -1.000 1.527e-02 0.062 3.339 1.946 0.717 -0.026 -0.609 -1.468 -2.158 -2.264
0.0152 0.01508 4.00000 1.5357167721 2.5417482822    1.536  1.897  3.6389  2.235    0  0.000  0.538     0.00     0.00     0.00     0.00     0.00 -1 -1.44e-11      0.00 7.092e-01 2.755e-01 2.710e-03 7.399e-04 6.720e-03 -1.000 1.527e-02 0.027 3.288 1.902 0.676 -0.065 -0.645 -1.501 -2.189 -2.294
0.0152 0.01508 4.00000 1.5499999523 2.5428511323    1.550  1.903  3.6391  2.234    0  0.000  0.538     0.00     0.00     0.00     0.00     0.00 -1 -1.34e-11      0.00 7.092e-01 2.755e-01 2.710e-03 7.399e-04 6.720e-03 -1.000 1.527e-02 0.012 3.267 1.884 0.658 -0.081 -0.661 -1.516 -2.203 -2.308
0.0152 0.01508 4.00000 1.6000000238 2.5465340628    1.600  1.924  3.6399  2.229    0  0.000  0.538     0.00     0.00     0.00     0.00     0.00 -1 -9.28e-12      0.00 7.092e-01 2.755e-01 2.710e-03 7.399e-04 6.720e-03 -1.000 1.527e-02 -0.041 3.196 1.821 0.599 -0.138 -0.714 -1.567 -2.251 -2.355
0.0152 0.01508 4.00000 1.6307330132 2.5486693721    1.630  1.936  3.6404  2.228    0  0.000  0.538     0.00     0.00     0.00     0.00     0.00 -1 -6.16e-12      0.00 7.092e-01 2.755e-01 2.710e-03 7.399e-04 6.720e-03 -1.000 1.527e-02 -0.070 3.154 1.786 0.565 -0.169 -0.744 -1.595 -2.277 -2.381
0.0152 0.01508 4.00000 1.6500000954 2.5499614852    1.649  1.943  3.6407  2.227    0  0.000  0.538     0.00     0.00     0.00     0.00     0.00 -1 -4.79e-12      0.00 7.092e-01 2.755e-01 2.710e-03 7.399e-04 6.720e-03 -1.000 1.527e-02 -0.089 3.128 1.763 0.544 -0.190 -0.764 -1.613 -2.294 -2.398
0.0152 0.01508 4.00000 1.7000000477 2.5531580802    1.699  1.961  3.6415  2.226    0  0.000  0.538     0.00     0.00     0.00     0.00     0.00 -1    -1e-30      0.00 7.092e-01 2.755e-01 2.710e-03 7.399e-04 6.720e-03 -1.000 1.527e-02 -0.131 3.065 1.710 0.494 -0.236 -0.807 -1.654 -2.332 -2.435
0.0152 0.01508 4.00000 1.7004305124 2.5531846635    1.700  1.961  3.6415  2.226    0  0.000  0.538     0.00     0.00     0.00     0.00     0.00 -1    -1e-30      0.00 7.092e-01 2.755e-01 2.710e-03 7.399e-04 6.720e-03 -1.000 1.527e-02 -0.132 3.065 1.709 0.494 -0.236 -0.808 -1.654 -2.332 -2.435
0.0152 0.01508 4.00000 1.7500000000 2.5561455243    1.749  1.980  3.6422  2.222    0  0.000  0.538     0.00     0.00     0.00     0.00     0.00 -1    -1e-30      0.00 7.092e-01 2.755e-01 2.710e-03 7.399e-04 6.720e-03 -1.000 1.527e-02 -0.179 3.001 1.654 0.441 -0.287 -0.856 -1.700 -2.376 -2.478
0.0152 0.01508 4.00000 1.7999999523 2.5589429085    1.799  1.998  3.6428  2.218    0  0.000  0.538     0.00     0.00     0.00     0.00     0.00 -1    -1e-30      0.00 7.092e-01 2.755e-01 2.710e-03 7.399e-04 6.720e-03 -1.000 1.527e-02 -0.225 2.941 1.600 0.390 -0.336 -0.903 -1.744 -2.418 -2.520
0.0152 0.01508 4.00000 1.8500000238 2.5615671203    1.849  2.015  3.6435  2.216    0  0.000  0.538     0.00     0.00     0.00     0.00     0.00 -1    -1e-30      0.00 7.092e-01 2.755e-01 2.710e-03 7.399e-04 6.720e-03 -1.000 1.527e-02 -0.267 2.882 1.550 0.342 -0.381 -0.946 -1.785 -2.456 -2.558
0.0152 0.01508 4.00000 1.8924252987 2.5636691641    1.891  2.027  3.6441  2.216    0  0.000  0.538     0.00     0.00     0.00     0.00     0.00 -1    -1e-30      0.00 7.092e-01 2.755e-01 2.710e-03 7.399e-04 6.720e-03 -1.000 1.527e-02 -0.299 2.835 1.510 0.305 -0.415 -0.978 -1.815 -2.484 -2.585
0.0152 0.01508 4.00000 1.9000000954 2.5640331317    1.899  2.031  3.6441  2.215    0  0.000  0.538     0.00     0.00     0.00     0.00     0.00 -1    -1e-30      0.00 7.092e-01 2.755e-01 2.710e-03 7.399e-04 6.720e-03 -1.000 1.527e-02 -0.306 2.826 1.502 0.297 -0.423 -0.986 -1.823 -2.492 -2.593
0.0152 0.01508 4.00000 1.9500001669 2.5663542767    1.950  2.047  3.6448  2.212    0  0.000  0.538     0.00     0.00     0.00     0.00     0.00 -1    -1e-30      0.00 7.092e-01 2.755e-01 2.710e-03 7.399e-04 6.720e-03 -1.000 1.527e-02 -0.347 2.771 1.453 0.251 -0.466 -1.028 -1.862 -2.529 -2.629
0.0152 0.01508 4.00000 2.0000000000 2.5685424513    2.000  2.062  3.6453  2.210    0  0.000  0.538     0.00     0.00     0.00     0.00     0.00 -1    -1e-30      0.00 7.092e-01 2.755e-01 2.710e-03 7.399e-04 6.720e-03 -1.000 1.527e-02 -0.386 2.717 1.407 0.207 -0.508 -1.067 -1.899 -2.564 -2.664
0.0152 0.01508 4.00000 2.0499999523 2.5706083333    2.050  2.078  3.6459  2.207    0  0.000  0.538     0.00     0.00     0.00     0.00     0.00 -1    -1e-30      0.00 7.092e-01 2.755e-01 2.710e-03 7.399e-04 6.720e-03 -1.000 1.527e-02 -0.425 2.665 1.361 0.163 -0.550 -1.108 -1.937 -2.600 -2.700
0.0152 0.01508 4.00000 2.0999999046 2.5725614918    2.099  2.093  3.6464  2.205    0  0.000  0.538     0.00     0.00     0.00     0.00     0.00 -1    -1e-30      0.00 7.092e-01 2.755e-01 2.710e-03 7.399e-04 6.720e-03 -1.000 1.527e-02 -0.462 2.615 1.317 0.122 -0.589 -1.145 -1.973 -2.634 -2.733
0.0152 0.01508 4.00000 2.1062173843 2.5727969227    2.105  2.094  3.6465  2.205    0  0.000  0.538     0.00     0.00     0.00     0.00     0.00 -1    -1e-30      0.00 7.092e-01 2.755e-01 2.710e-03 7.399e-04 6.720e-03 -1.000 1.527e-02 -0.466 2.609 1.312 0.117 -0.593 -1.150 -1.977 -2.637 -2.737
0.0152 0.01508 4.00000 2.1500000954 2.5744105556    2.149  2.108  3.6470  2.202    0  0.000  0.538     0.00     0.00     0.00     0.00     0.00 -1    -1e-30      0.00 7.092e-01 2.755e-01 2.710e-03 7.399e-04 6.720e-03 -1.000 1.527e-02 -0.499 2.565 1.273 0.080 -0.629 -1.184 -2.009 -2.668 -2.767
0.0152 0.01508 4.00000 2.2000000477 2.5761632879    2.199  2.122  3.6475  2.200    0  0.000  0.538     0.00     0.00     0.00     0.00     0.00 -1    -1e-30      0.00 7.092e-01 2.755e-01 2.710e-03 7.399e-04 6.720e-03 -1.000 1.527e-02 -0.534 2.517 1.232 0.041 -0.666 -1.219 -2.043 -2.700 -2.798
0.0152 0.01508 4.00000 2.2048404217 2.5763281189    2.203  2.123  3.6475  2.200    0  0.000  0.538     0.00     0.00     0.00     0.00     0.00 -1    -1e-30      0.00 7.092e-01 2.755e-01 2.710e-03 7.399e-04 6.720e-03 -1.000 1.527e-02 -0.537 2.513 1.228 0.037 -0.669 -1.222 -2.045 -2.702 -2.801
0.0152 0.01508 4.00000 2.2500000000 2.5778267375    2.249  2.136  3.6480  2.198    0  0.000  0.538     0.00     0.00     0.00     0.00     0.00 -1    -1e-30      0.00 7.092e-01 2.755e-01 2.710e-03 7.399e-04 6.720e-03 -1.000 1.527e-02 -0.569 2.470 1.191 0.001 -0.703 -1.255 -2.077 -2.732 -2.830
0.0152 0.01508 4.00000 2.2999999523 2.5794072884    2.299  2.149  3.6485  2.196    0  0.000  0.538     0.00     0.00     0.00     0.00     0.00 -1    -1e-30      0.00 7.092e-01 2.755e-01 2.710e-03 7.399e-04 6.720e-03 -1.000 1.527e-02 -0.603 2.425 1.151 -0.036 -0.739 -1.289 -2.109 -2.762 -2.860
0.0152 0.01508 4.00000 2.4000000954 2.5823423892    2.399  2.175  3.6494  2.192    0  0.000  0.538     0.00     0.00     0.00     0.00     0.00 -1    -1e-30      0.00 7.092e-01 2.755e-01 2.710e-03 7.399e-04 6.720e-03 -1.000 1.527e-02 -0.668 2.337 1.074 -0.109 -0.808 -1.356 -2.172 -2.822 -2.920
0.0152 0.01508 4.00000 2.4091508389 2.5825970135    2.408  2.177  3.6495  2.192    0  0.000  0.538     0.00     0.00     0.00     0.00     0.00 -1    -1e-30      0.00 7.092e-01 2.755e-01 2.710e-03 7.399e-04 6.720e-03 -1.000 1.527e-02 -0.673 2.330 1.068 -0.116 -0.814 -1.362 -2.177 -2.827 -2.924
0.0152 0.01508 4.00000 2.5380613804 2.5859608205    2.538  2.209  3.6505  2.187    0  0.000  0.538     0.00     0.00     0.00     0.00     0.00 -1    -1e-30      0.00 7.092e-01 2.755e-01 2.710e-03 7.399e-04 6.720e-03 -1.000 1.527e-02 -0.753 2.224 0.974 -0.204 -0.898 -1.443 -2.255 -2.901 -2.997
0.0152 0.01508 4.00000 2.5999999046 2.5874412955    2.600  2.225  3.6510  2.184    0  0.000  0.538     0.00     0.00     0.00     0.00     0.00 -1    -1e-30      0.00 7.092e-01 2.755e-01 2.710e-03 7.399e-04 6.720e-03 -1.000 1.527e-02 -0.793 2.174 0.930 -0.248 -0.940 -1.483 -2.293 -2.938 -3.034
0.0152 0.01508 4.00000 2.7098236084 2.5898759969    2.710  2.250  3.6519  2.181    0  0.000  0.538     0.00     0.00     0.00     0.00     0.00 -1    -1e-30      0.00 7.092e-01 2.755e-01 2.710e-03 7.399e-04 6.720e-03 -1.000 1.527e-02 -0.854 2.092 0.858 -0.315 -1.004 -1.545 -2.352 -2.993 -3.089
0.0152 0.01508 4.00000 2.8000001907 2.5917117867    2.800  2.270  3.6525  2.177    0  0.000  0.538     0.00     0.00     0.00     0.00     0.00 -1    -1e-30      0.00 7.092e-01 2.755e-01 2.710e-03 7.399e-04 6.720e-03 -1.000 1.527e-02 -0.906 2.026 0.799 -0.372 -1.059 -1.598 -2.402 -3.041 -3.136
0.0152 0.01508 4.00000 2.8816092014 2.5932597692    2.882  2.287  3.6531  2.175    0  0.000  0.538     0.00     0.00     0.00     0.00     0.00 -1    -1e-30      0.00 7.092e-01 2.755e-01 2.710e-03 7.399e-04 6.720e-03 -1.000 1.527e-02 -0.948 1.969 0.749 -0.419 -1.104 -1.641 -2.443 -3.080 -3.175
0.0152 0.01508 4.00000 3.0000000000 2.5953341962    3.000  2.313  3.6539  2.170    0  0.000  0.538     0.00     0.00     0.00     0.00     0.00 -1    -1e-30      0.00 7.092e-01 2.755e-01 2.710e-03 7.399e-04 6.720e-03 -1.000 1.527e-02 -1.012 1.889 0.677 -0.489 -1.170 -1.706 -2.505 -3.139 -3.234
0.0152 0.01508 4.00000 3.0619444847 2.5963463611    3.062  2.324  3.6543  2.169    0  0.000  0.538     0.00     0.00     0.00     0.00     0.00 -1    -1e-30      0.00 7.092e-01 2.755e-01 2.710e-03 7.399e-04 6.720e-03 -1.000 1.527e-02 -1.041 1.850 0.643 -0.521 -1.201 -1.736 -2.533 -3.166 -3.260
0.0152 0.01508 4.00000 3.2000000477 2.5984409005    3.199  2.352  3.6551  2.164    0  0.000  0.538     0.00     0.00     0.00     0.00     0.00 -1    -1e-30      0.00 7.092e-01 2.755e-01 2.710e-03 7.399e-04 6.720e-03 -1.000 1.527e-02 -1.109 1.763 0.565 -0.596 -1.272 -1.805 -2.599 -3.229 -3.322
0.0152 0.01508 4.00000 3.2693469524 2.5994165862    3.268  2.364  3.6555  2.162    0  0.000  0.538     0.00     0.00     0.00     0.00     0.00 -1    -1e-30      0.00 7.092e-01 2.755e-01 2.710e-03 7.399e-04 6.720e-03 -1.000 1.527e-02 -1.140 1.722 0.529 -0.630 -1.305 -1.837 -2.630 -3.258 -3.351
0.0152 0.01508 4.00000 3.4000000954 2.6011310876    3.398  2.389  3.6562  2.157    0  0.000  0.538     0.00     0.00     0.00     0.00     0.00 -1    -1e-30      0.00 7.092e-01 2.755e-01 2.710e-03 7.399e-04 6.720e-03 -1.000 1.527e-02 -1.202 1.645 0.460 -0.697 -1.369 -1.899 -2.689 -3.315 -3.408
0.0152 0.01508 4.00000 3.4169139862 2.6013420445    3.415  2.391  3.6563  2.157    0  0.000  0.538     0.00     0.00     0.00     0.00     0.00 -1    -1e-30      0.00 7.092e-01 2.755e-01 2.710e-03 7.399e-04 6.720e-03 -1.000 1.527e-02 -1.209 1.635 0.451 -0.705 -1.376 -1.906 -2.696 -3.321 -3.414
0.0152 0.01508 4.00000 3.6000001431 2.6034804607    3.598  2.423  3.6573  2.153    0  0.000  0.538     0.00     0.00     0.00     0.00     0.00 -1    -1e-30      0.00 7.092e-01 2.755e-01 2.710e-03 7.399e-04 6.720e-03 -1.000 1.527e-02 -1.286 1.535 0.362 -0.790 -1.458 -1.985 -2.771 -3.393 -3.485
0.0152 0.01508 4.00000 3.6019346714 2.6035017245    3.600  2.423  3.6573  2.153    0  0.000  0.538     0.00     0.00     0.00     0.00     0.00 -1    -1e-30      0.00 7.092e-01 2.755e-01 2.710e-03 7.399e-04 6.720e-03 -1.000 1.527e-02 -1.287 1.534 0.361 -0.791 -1.459 -1.986 -2.772 -3.394 -3.486
0.0152 0.01508 4.00000 3.7530760765 2.6050854234    3.751  2.448  3.6580  2.148    0  0.000  0.538     0.00     0.00     0.00     0.00     0.00 -1    -1e-30      0.00 7.092e-01 2.755e-01 2.710e-03 7.399e-04 6.720e-03 -1.000 1.527e-02 -1.350 1.454 0.290 -0.859 -1.524 -2.050 -2.833 -3.452 -3.544
0.0152 0.01508 4.00000 3.8000001907 2.6055477311    3.798  2.456  3.6582  2.147    0  0.000  0.538     0.00     0.00     0.00     0.00     0.00 -1    -1e-30      0.00 7.092e-01 2.755e-01 2.710e-03 7.399e-04 6.720e-03 -1.000 1.527e-02 -1.370 1.430 0.268 -0.880 -1.545 -2.070 -2.852 -3.471 -3.562
0.0152 0.01508 4.00000 3.9381978512 2.6068359897    3.938  2.478  3.6589  2.143    0  0.000  0.538     0.00     0.00     0.00     0.00     0.00 -1    -1e-30      0.00 7.092e-01 2.755e-01 2.710e-03 7.399e-04 6.720e-03 -1.000 1.527e-02 -1.424 1.361 0.206 -0.940 -1.602 -2.125 -2.905 -3.521 -3.612
0.0152 0.01508 4.00000 4.0000000000 2.6073790840    4.001  2.487  3.6591  2.141    0  0.000  0.538     0.00     0.00     0.00     0.00     0.00 -1    -1e-30      0.00 7.092e-01 2.755e-01 2.710e-03 7.399e-04 6.720e-03 -1.000 1.527e-02 -1.448 1.331 0.179 -0.966 -1.627 -2.149 -2.929 -3.544 -3.635
0.0152 0.01508 4.00000 4.0612764359 2.6078988348    4.061  2.496  3.6595  2.141    0  0.000  0.538     0.00     0.00     0.00     0.00     0.00 -1    -1e-30      0.00 7.092e-01 2.755e-01 2.710e-03 7.399e-04 6.720e-03 -1.000 1.527e-02 -1.470 1.302 0.154 -0.990 -1.650 -2.171 -2.949 -3.563 -3.654
0.0152 0.01508 4.00000 4.1999998093 2.6090113217    4.198  2.517  3.6600  2.136    0  0.000  0.538     0.00     0.00     0.00     0.00     0.00 -1    -1e-30      0.00 7.092e-01 2.755e-01 2.710e-03 7.399e-04 6.720e-03 -1.000 1.527e-02 -1.521 1.238 0.096 -1.046 -1.703 -2.224 -2.999 -3.612 -3.702
0.0152 0.01508 4.00000 4.2364273071 2.6092895963    4.234  2.521  3.6602  2.136    0  0.000  0.538     0.00     0.00     0.00     0.00     0.00 -1    -1e-30      0.00 7.092e-01 2.755e-01 2.710e-03 7.399e-04 6.720e-03 -1.000 1.527e-02 -1.534 1.222 0.082 -1.059 -1.716 -2.236 -3.011 -3.623 -3.713
0.0152 0.01508 4.00000 4.4000000954 2.6104741055    4.397  2.545  3.6608  2.132    0  0.000  0.538     0.00     0.00     0.00     0.00     0.00 -1    -1e-30      0.00 7.092e-01 2.755e-01 2.710e-03 7.399e-04 6.720e-03 -1.000 1.527e-02 -1.592 1.151 0.017 -1.122 -1.776 -2.295 -3.068 -3.677 -3.767
0.0152 0.01508 4.00000 4.5590300560 2.6115325072    4.556  2.566  3.6614  2.128    0  0.000  0.538     0.00     0.00     0.00     0.00     0.00 -1    -1e-30      0.00 7.092e-01 2.755e-01 2.710e-03 7.399e-04 6.720e-03 -1.000 1.527e-02 -1.645 1.084 -0.043 -1.179 -1.832 -2.349 -3.119 -3.727 -3.816
0.0152 0.01508 4.00000 4.5999999046 2.6117915791    4.597  2.572  3.6615  2.127    0  0.000  0.538     0.00     0.00     0.00     0.00     0.00 -1    -1e-30      0.00 7.092e-01 2.755e-01 2.710e-03 7.399e-04 6.720e-03 -1.000 1.527e-02 -1.660 1.067 -0.059 -1.195 -1.847 -2.364 -3.134 -3.741 -3.830
0.0152 0.01508 4.00000 4.7195820808 2.6125182602    4.717  2.587  3.6620  2.124    0  0.000  0.538     0.00     0.00     0.00     0.00     0.00 -1    -1e-30      0.00 7.092e-01 2.755e-01 2.710e-03 7.399e-04 6.720e-03 -1.000 1.527e-02 -1.699 1.019 -0.102 -1.237 -1.887 -2.403 -3.171 -3.777 -3.866
0.0152 0.01508 4.00000 4.8000001907 2.6129836005    4.798  2.598  3.6622  2.122    0  0.000  0.538     0.00     0.00     0.00     0.00     0.00 -1    -1e-30      0.00 7.092e-01 2.755e-01 2.710e-03 7.399e-04 6.720e-03 -1.000 1.527e-02 -1.726 0.986 -0.132 -1.266 -1.915 -2.431 -3.198 -3.803 -3.892
0.0152 0.01508 4.00000 4.8620572090 2.6133306187    4.860  2.605  3.6625  2.121    0  0.000  0.538     0.00     0.00     0.00     0.00     0.00 -1    -1e-30      0.00 7.092e-01 2.755e-01 2.710e-03 7.399e-04 6.720e-03 -1.000 1.527e-02 -1.743 0.963 -0.153 -1.285 -1.934 -2.449 -3.215 -3.819 -3.907
0.0152 0.01508 4.00000 5.0000000000 2.6140666223    4.999  2.622  3.6629  2.118    0  0.000  0.538     0.00     0.00     0.00     0.00     0.00 -1    -1e-30      0.00 7.092e-01 2.755e-01 2.710e-03 7.399e-04 6.720e-03 -1.000 1.527e-02 -1.786 0.910 -0.200 -1.331 -1.978 -2.492 -3.256 -3.859 -3.947
0.0152 0.01508 4.00000 5.0609560013 2.6143771963    5.060  2.629  3.6632  2.118    0  0.000  0.538     0.00     0.00     0.00     0.00     0.00 -1    -1e-30      0.00 7.092e-01 2.755e-01 2.710e-03 7.399e-04 6.720e-03 -1.000 1.527e-02 -1.803 0.888 -0.219 -1.349 -1.995 -2.509 -3.272 -3.874 -3.962
0.0152 0.01508 4.00000 5.1999998093 2.6150544000    5.200  2.646  3.6636  2.114    0  0.000  0.538     0.00     0.00     0.00     0.00     0.00 -1    -1e-30      0.00 7.092e-01 2.755e-01 2.710e-03 7.399e-04 6.720e-03 -1.000 1.527e-02 -1.845 0.838 -0.266 -1.394 -2.039 -2.551 -3.314 -3.914 -4.002
0.0152 0.01508 4.00000 5.2507147789 2.6152911620    5.251  2.651  3.6638  2.114    0  0.000  0.538     0.00     0.00     0.00     0.00     0.00 -1    -1e-30      0.00 7.092e-01 2.755e-01 2.710e-03 7.399e-04 6.720e-03 -1.000 1.527e-02 -1.859 0.820 -0.282 -1.409 -2.053 -2.565 -3.327 -3.926 -4.014
0.0152 0.01508 4.00000 5.3999996185 2.6159585084    5.401  2.669  3.6641  2.110    0  0.000  0.538     0.00     0.00     0.00     0.00     0.00 -1    -1e-30      0.00 7.092e-01 2.755e-01 2.710e-03 7.399e-04 6.720e-03 -1.000 1.527e-02 -1.903 0.767 -0.330 -1.456 -2.099 -2.610 -3.370 -3.969 -4.056
0.0152 0.01508 4.00000 5.4365782738 2.6161156101    5.437  2.673  3.6643  2.110    0  0.000  0.538     0.00     0.00     0.00     0.00     0.00 -1    -1e-30      0.00 7.092e-01 2.755e-01 2.710e-03 7.399e-04 6.720e-03 -1.000 1.527e-02 -1.912 0.755 -0.341 -1.466 -2.109 -2.620 -3.379 -3.977 -4.064
0.0152 0.01508 4.00000 5.5999994278 2.6167887546    5.601  2.691  3.6648  2.106    0  0.000  0.538     0.00     0.00     0.00     0.00     0.00 -1    -1e-30      0.00 7.092e-01 2.755e-01 2.710e-03 7.399e-04 6.720e-03 -1.000 1.527e-02 -1.957 0.700 -0.391 -1.515 -2.155 -2.665 -3.423 -4.019 -4.106
0.0152 0.01508 4.00000 5.7657604218 2.6174269027    5.767  2.709  3.6652  2.103    0  0.000  0.538     0.00     0.00     0.00     0.00     0.00 -1    -1e-30      0.00 7.092e-01 2.755e-01 2.710e-03 7.399e-04 6.720e-03 -1.000 1.527e-02 -2.001 0.646 -0.440 -1.562 -2.201 -2.710 -3.466 -4.060 -4.147
0.0152 0.01508 4.00000 5.8000001907 2.6175535027    5.801  2.713  3.6653  2.102    0  0.000  0.538     0.00     0.00     0.00     0.00     0.00 -1    -1e-30      0.00 7.092e-01 2.755e-01 2.710e-03 7.399e-04 6.720e-03 -1.000 1.527e-02 -2.011 0.635 -0.450 -1.572 -2.211 -2.720 -3.475 -4.070 -4.156
0.0152 0.01508 4.00000 5.9607248306 2.6181254887    5.961  2.728  3.6658  2.100    0  0.000  0.538     0.00     0.00     0.00     0.00     0.00 -1    -1e-30      0.00 7.092e-01 2.755e-01 2.710e-03 7.399e-04 6.720e-03 -1.000 1.527e-02 -2.050 0.584 -0.495 -1.615 -2.252 -2.759 -3.513 -4.105 -4.192
0.0152 0.01508 4.00000 6.0000000000 2.6182599138    6.000  2.732  3.6659  2.099    0  0.000  0.538     0.00     0.00     0.00     0.00     0.00 -1    -1e-30      0.00 7.092e-01 2.755e-01 2.710e-03 7.399e-04 6.720e-03 -1.000 1.527e-02 -2.061 0.571 -0.507 -1.626 -2.263 -2.770 -3.524 -4.116 -4.202
0.0152 0.01508 4.00000 6.1913251877 2.6188868006    6.191  2.752  3.6663  2.095    0  0.000  0.538     0.00     0.00     0.00     0.00     0.00 -1    -1e-30      0.00 7.092e-01 2.755e-01 2.710e-03 7.399e-04 6.720e-03 -1.000 1.527e-02 -2.110 0.513 -0.561 -1.679 -2.314 -2.820 -3.571 -4.162 -4.248
0.0152 0.01508 4.00000 6.1999998093 2.6189141709    6.200  2.753  3.6664  2.095    0  0.000  0.538     0.00     0.00     0.00     0.00     0.00 -1    -1e-30      0.00 7.092e-01 2.755e-01 2.710e-03 7.399e-04 6.720e-03 -1.000 1.527e-02 -2.113 0.510 -0.563 -1.681 -2.316 -2.822 -3.574 -4.164 -4.250
0.0152 0.01508 4.00000 6.3516469002 2.6193787946    6.351  2.768  3.6668  2.092    0  0.000  0.538     0.00     0.00     0.00     0.00     0.00 -1    -1e-30      0.00 7.092e-01 2.755e-01 2.710e-03 7.399e-04 6.720e-03 -1.000 1.527e-02 -2.149 0.466 -0.604 -1.720 -2.354 -2.859 -3.609 -4.198 -4.284
0.0152 0.01508 4.00000 6.4000000954 2.6195216279    6.399  2.773  3.6668  2.091    0  0.000  0.538     0.00     0.00     0.00     0.00     0.00 -1    -1e-30      0.00 7.092e-01 2.755e-01 2.710e-03 7.399e-04 6.720e-03 -1.000 1.527e-02 -2.162 0.451 -0.618 -1.734 -2.368 -2.872 -3.622 -4.211 -4.297
0.0152 0.01508 4.00000 6.5952382088 2.6200739388    6.593  2.791  3.6673  2.087    0  0.000  0.538     0.00     0.00     0.00     0.00     0.00 -1    -1e-30      0.00 7.092e-01 2.755e-01 2.710e-03 7.399e-04 6.720e-03 -1.000 1.527e-02 -2.208 0.394 -0.669 -1.784 -2.415 -2.919 -3.667 -4.254 -4.340
0.0152 0.01508 4.00000 6.8770532608 2.6208079252    6.873  2.819  3.6679  2.080    0  0.000  0.538     0.00     0.00     0.00     0.00     0.00 -1    -1e-30      0.00 7.092e-01 2.755e-01 2.710e-03 7.399e-04 6.720e-03 -1.000 1.527e-02 -2.276 0.315 -0.743 -1.856 -2.486 -2.988 -3.734 -4.319 -4.404
0.0152 0.01508 4.00000 7.0000000000 2.6211069280    6.996  2.831  3.6681  2.077    0  0.000  0.538     0.00     0.00     0.00     0.00     0.00 -1    -1e-30      0.00 7.092e-01 2.755e-01 2.710e-03 7.399e-04 6.720e-03 -1.000 1.527e-02 -2.307 0.279 -0.777 -1.888 -2.517 -3.019 -3.764 -4.348 -4.433
0.0152 0.01508 4.00000 7.1450324059 2.6214444736    7.142  2.844  3.6685  2.074    0  0.000  0.538     0.00     0.00     0.00     0.00     0.00 -1    -1e-30      0.00 7.092e-01 2.755e-01 2.710e-03 7.399e-04 6.720e-03 -1.000 1.527e-02 -2.339 0.239 -0.813 -1.923 -2.551 -3.052 -3.795 -4.378 -4.463
0.0152 0.01508 4.00000 7.4859294891 2.6221789752    7.484  2.876  3.6691  2.065    0  0.000  0.538     0.00     0.00     0.00     0.00     0.00 -1    -1e-30      0.00 7.092e-01 2.755e-01 2.710e-03 7.399e-04 6.720e-03 -1.000 1.527e-02 -2.419 0.148 -0.898 -2.007 -2.633 -3.132 -3.874 -4.455 -4.539
0.0152 0.01508 4.00000 7.8589224815 2.6228992694    7.859  2.911  3.6697  2.053    0  0.000  0.538     0.00     0.00     0.00     0.00     0.00 -1    -1e-30      0.00 7.092e-01 2.755e-01 2.710e-03 7.399e-04 6.720e-03 -1.000 1.527e-02 -2.508 0.047 -0.993 -2.100 -2.724 -3.222 -3.961 -4.539 -4.623
0.0152 0.01508 4.00000 8.0000000000 2.6231516585    8.001  2.924  3.6701  2.049    0  0.000  0.538     0.00     0.00     0.00     0.00     0.00 -1    -1e-30      0.00 7.092e-01 2.755e-01 2.710e-03 7.399e-04 6.720e-03 -1.000 1.527e-02 -2.540 0.008 -1.029 -2.135 -2.757 -3.254 -3.992 -4.569 -4.653
0.0152 0.01508 4.00000 8.0580244064 2.6232525198    8.059  2.929  3.6702  2.048    0  0.000  0.538     0.00     0.00     0.00     0.00     0.00 -1    -1e-30      0.00 7.092e-01 2.755e-01 2.710e-03 7.399e-04 6.720e-03 -1.000 1.527e-02 -2.552 -0.007 -1.042 -2.148 -2.770 -3.267 -4.004 -4.581 -4.664
0.0152 0.01508 4.00000 8.5954952240 2.6241128444    8.592  2.980  3.6710  2.028    0  0.000  0.538     0.00     0.00     0.00     0.00     0.00 -1    -1e-30      0.00 7.092e-01 2.755e-01 2.710e-03 7.399e-04 6.720e-03 -1.000 1.527e-02 -2.681 -0.149 -1.178 -2.282 -2.901 -3.397 -4.131 -4.705 -4.788
0.0152 0.01508 4.00000 9.0000000000 2.6246829947    8.995  3.022  3.6717  2.009    0  0.000  0.538     0.00     0.00     0.00     0.00     0.00 -1    -1e-30      0.00 7.092e-01 2.755e-01 2.710e-03 7.399e-04 6.720e-03 -1.000 1.527e-02 -2.784 -0.261 -1.286 -2.389 -3.006 -3.500 -4.232 -4.803 -4.886
0.0152 0.01508 4.00000 9.5170278549 2.6253312219    9.513  3.073  3.6726  1.986    0  0.000  0.538     0.00     0.00     0.00     0.00     0.00 -1    -1e-30      0.00 7.092e-01 2.755e-01 2.710e-03 7.399e-04 6.720e-03 -1.000 1.527e-02 -2.912 -0.407 -1.421 -2.524 -3.138 -3.629 -4.358 -4.925 -5.007
0.0152 0.01508 4.00000 10.0000000000 2.6258676431    9.998  3.132  3.6732  1.951    0  0.000  0.538     0.00     0.00     0.00     0.00     0.00 -1    -1e-30      0.00 7.092e-01 2.755e-01 2.710e-03 7.399e-04 6.720e-03 -1.000 1.527e-02 -3.060 -0.569 -1.570 -2.677 -3.288 -3.778 -4.503 -5.065 -5.148
0.0152 0.01508 4.00000 10.3715019226 2.6262414003   10.371  3.172  3.6739  1.930    0  0.000  0.538     0.00     0.00     0.00     0.00     0.00 -1    -1e-30      0.00 7.092e-01 2.755e-01 2.710e-03 7.399e-04 6.720e-03 -1.000 1.527e-02 -3.160 -0.686 -1.676 -2.782 -3.391 -3.879 -4.601 -5.159 -5.242
0.0152 0.01508 4.00000 10.8502187729 2.6266798923   10.851  3.250  3.6747  1.874    0  0.000  0.538     0.00     0.00     0.00     0.00     0.00 -1    -1e-30      0.00 7.092e-01 2.755e-01 2.710e-03 7.399e-04 6.720e-03 -1.000 1.527e-02 -3.355 -0.902 -1.874 -2.985 -3.592 -4.076 -4.795 -5.345 -5.429
0.0152 0.01508 4.00000 11.0000000000 2.6268081058   11.001  3.277  3.6750  1.854    0  0.000  0.538     0.00     0.00     0.00     0.00     0.00 -1    -1e-30      0.00 7.092e-01 2.755e-01 2.710e-03 7.399e-04 6.720e-03 -1.000 1.527e-02 -3.423 -0.977 -1.943 -3.056 -3.661 -4.144 -4.862 -5.409 -5.494
0.0152 0.01508 4.00000 11.4307298660 2.6271553752   11.432  3.351  3.6759  1.800    0  0.000  0.538     0.00     0.00     0.00     0.00     0.00 -1    -1e-30      0.00 7.092e-01 2.755e-01 2.710e-03 7.399e-04 6.720e-03 -1.000 1.527e-02 -3.609 -1.177 -2.132 -3.249 -3.852 -4.332 -5.045 -5.587 -5.672
0.0152 0.01508 4.00000 11.7825136185 2.6274174398   11.784  3.436  3.6770  1.734    0  0.000  0.538     0.00     0.00     0.00     0.00     0.00 -1    -1e-30      0.00 7.092e-01 2.755e-01 2.710e-03 7.399e-04 6.720e-03 -1.000 1.527e-02 -3.819 -1.378 -2.345 -3.465 -4.066 -4.545 -5.255 -5.792 -5.876
0.0152 0.01508 4.00000 12.0000000000 2.6275706487   12.001  3.499  3.6781  1.683    0  0.000  0.538     0.00     0.00     0.00     0.00     0.00 -1    -1e-30      0.00 7.092e-01 2.755e-01 2.710e-03 7.399e-04 6.720e-03 -1.000 1.527e-02 -3.976 -1.533 -2.507 -3.628 -4.228 -4.705 -5.411 -5.945 -6.028
0.0152 0.01508 4.00000 12.0891723633 2.6276316370   12.090  3.526  3.6785  1.661    0  0.000  0.538     0.00     0.00     0.00     0.00     0.00 -1    -1e-30      0.00 7.092e-01 2.755e-01 2.711e-03 7.400e-04 6.720e-03 -1.000 1.527e-02 -4.044 -1.599 -2.577 -3.697 -4.297 -4.774 -5.478 -6.011 -6.093
0.0152 0.01508 4.00000 12.3118209839 2.6277794890   12.311  3.594  3.6803  1.608    0  0.000  0.539     0.00     0.00     0.00     0.00     0.00 -1    -1e-30      0.00 7.092e-01 2.755e-01 2.716e-03 7.401e-04 6.720e-03 -1.000 1.527e-02 -4.214 -1.774 -2.757 -3.876 -4.473 -4.948 -5.645 -6.173 -6.254
0.0152 0.01508 4.00000 12.5341644287 2.6279211263   12.532  3.657  3.6830  1.563    0  0.000  0.540     0.00     0.00     0.00     0.00     0.00 -1    -1e-30      0.00 7.092e-01 2.755e-01 2.720e-03 7.402e-04 6.720e-03 -1.000 1.527e-02 -4.372 -1.951 -2.935 -4.046 -4.639 -5.110 -5.798 -6.319 -6.397
0.0152 0.01508 4.00000 12.7605428696 2.6280595179   12.758  3.715  3.6885  1.534    0  0.000  0.541     0.00     0.00     0.00     0.00     0.00 -1    -1e-30      0.00 7.092e-01 2.755e-01 2.724e-03 7.403e-04 6.720e-03 -1.000 1.527e-02 -4.519 -2.182 -3.131 -4.219 -4.800 -5.262 -5.929 -6.436 -6.509
0.0152 0.01508 4.00000 12.9595746994 2.6281766097   12.956  3.761  3.6959  1.525    0  0.000  0.541     0.00     0.00     0.00     0.00     0.00 -1    -1e-30      0.00 7.092e-01 2.755e-01 2.728e-03 7.404e-04 6.719e-03 -1.000 1.527e-02 -4.632 -2.443 -3.318 -4.370 -4.931 -5.380 -6.018 -6.504 -6.572
0.0152 0.01508 4.00000 13.1338920593 2.6282758163   13.129  3.794  3.7044  1.532    0  0.000  0.542     0.00     0.00     0.00     0.00     0.00 -1    -1e-30      0.00 7.092e-01 2.755e-01 2.731e-03 7.405e-04 6.719e-03 -1.000 1.527e-02 -4.716 -2.691 -3.484 -4.493 -5.032 -5.465 -6.072 -6.534 -6.599
0.0152 0.01508 4.00000 13.3372678757 2.6283877995   13.331  3.827  3.7156  1.551    0  0.000  0.543     0.00     0.00     0.00     0.00     0.00 -1    -1e-30      0.00 7.092e-01 2.755e-01 2.734e-03 7.406e-04 6.719e-03 -1.000 1.527e-02 -4.797 -2.979 -3.674 -4.622 -5.132 -5.544 -6.112 -6.541 -6.604
0.0152 0.01508 4.00000 13.5729274750 2.6285127440   13.566  3.857  3.7291  1.582    0  0.000  0.543     0.00     0.00     0.00     0.00     0.00 -1    -1e-30      0.00 7.092e-01 2.755e-01 2.738e-03 7.407e-04 6.719e-03 -1.000 1.527e-02 -4.871 -3.285 -3.876 -4.749 -5.223 -5.610 -6.133 -6.525 -6.586
0.0152 0.01508 4.00000 13.8132534027 2.6286351265   13.805  3.880  3.7424  1.620    0  0.000  0.544     0.00     0.00     0.00     0.00     0.00 -1    -1e-30      0.00 7.092e-01 2.755e-01 2.743e-03 7.408e-04 6.719e-03 -1.000 1.527e-02 -4.929 -3.550 -4.054 -4.853 -5.291 -5.653 -6.135 -6.491 -6.549
0.0152 0.01508 4.00000 14.0000000000 2.6287268957   13.992  3.895  3.7521  1.649    0  0.000  0.545     0.00     0.00     0.00     0.00     0.00 -1    -1e-30      0.00 7.092e-01 2.755e-01 2.746e-03 7.408e-04 6.719e-03 -1.000 1.527e-02 -4.967 -3.733 -4.176 -4.919 -5.332 -5.675 -6.129 -6.460 -6.515
0.0152 0.01508 4.00000 14.2636489868 2.6288517628   14.257  3.922  3.7669  1.690    0  0.000  0.545     0.00     0.00     0.00     0.00     0.00 -1    -1e-30      0.00 7.092e-01 2.755e-01 2.746e-03 7.408e-04 6.719e-03 -1.000 1.527e-02 -5.034 -4.001 -4.368 -5.026 -5.399 -5.713 -6.127 -6.422 -6.472
0.0152 0.01508 4.00000 14.4831867218 2.6289517588   14.478  3.944  3.7793  1.724    0  0.000  0.545     0.00     0.00     0.00     0.00     0.00 -1    -1e-30      0.00 7.092e-01 2.755e-01 2.746e-03 7.408e-04 6.719e-03 -1.000 1.527e-02 -5.090 -4.215 -4.533 -5.113 -5.450 -5.736 -6.115 -6.379 -6.426
0.0152 0.01508 4.00000 14.7585182190 2.6290723449   14.754  3.972  3.7948  1.767    0  0.000  0.545     0.00     0.00     0.00     0.00     0.00 -1    -1e-30      0.00 7.092e-01 2.755e-01 2.746e-03 7.408e-04 6.719e-03 -1.000 1.527e-02 -5.159 -4.443 -4.718 -5.210 -5.505 -5.759 -6.100 -6.330 -6.371
0.0152 0.01508 4.00000 15.0909099579 2.6292112008   15.088  4.004  3.8132  1.817    0  0.000  0.545     0.00     0.00     0.00     0.00     0.00 -1    -1e-30      0.00 7.092e-01 2.755e-01 2.746e-03 7.408e-04 6.719e-03 -1.000 1.527e-02 -5.240 -4.673 -4.921 -5.319 -5.566 -5.785 -6.081 -6.274 -6.309
0.0152 0.01508 4.00000 15.3896846771 2.6293301445   15.389  4.034  3.8295  1.861    0  0.000  0.545     0.00     0.00     0.00     0.00     0.00 -1    -1e-30      0.00 7.092e-01 2.755e-01 2.746e-03 7.408e-04 6.719e-03 -1.000 1.527e-02 -5.315 -4.851 -5.089 -5.412 -5.620 -5.807 -6.065 -6.225 -6.256
0.0152 0.01508 4.00000 15.6964502335 2.6294468672   15.697  4.065  3.8462  1.905    0  0.000  0.545     0.00     0.00     0.00     0.00     0.00 -1    -1e-30      0.00 7.092e-01 2.755e-01 2.746e-03 7.408e-04 6.719e-03 -1.000 1.527e-02 -5.393 -5.022 -5.255 -5.500 -5.669 -5.824 -6.047 -6.177 -6.205
0.0152 0.01508 4.00000 16.0000000000 2.6295573144   16.002  4.097  3.8627  1.947    0  0.000  0.545     0.00     0.00     0.00     0.00     0.00 -1    -1e-30      0.00 7.092e-01 2.755e-01 2.746e-03 7.408e-04 6.719e-03 -1.000 1.527e-02 -5.474 -5.188 -5.412 -5.585 -5.715 -5.841 -6.029 -6.133 -6.157
0.0152 0.01508 4.00000 16.2110805511 2.6296313190   16.211  4.118  3.8734  1.975    0  0.000  0.545     0.00     0.00     0.00     0.00     0.00 -1    -1e-30      0.00 7.092e-01 2.755e-01 2.746e-03 7.408e-04 6.719e-03 -1.000 1.527e-02 -5.526 -5.291 -5.500 -5.635 -5.744 -5.852 -6.018 -6.106 -6.127
0.0152 0.01508 4.00000 16.5953006744 2.6297604855   16.593  4.158  3.8928  2.023    0  0.000  0.545     0.00     0.00     0.00     0.00     0.00 -1    -1e-30      0.00 7.092e-01 2.755e-01 2.746e-03 7.408e-04 6.719e-03 -1.000 1.527e-02 -5.625 -5.476 -5.644 -5.721 -5.796 -5.874 -6.000 -6.064 -6.080
0.0152 0.01508 4.00000 16.9286746979 2.6298671125   16.924  4.192  3.9095  2.065    0  0.000  0.545     0.00     0.00     0.00     0.00     0.00 -1    -1e-30      0.00 7.092e-01 2.755e-01 2.746e-03 7.408e-04 6.719e-03 -1.000 1.527e-02 -5.710 -5.628 -5.743 -5.780 -5.831 -5.889 -5.983 -6.030 -6.041
0.0152 0.01508 4.00000 17.2653808594 2.6299700128   17.258  4.226  3.9263  2.106    0  0.000  0.545     0.00     0.00     0.00     0.00     0.00 -1    -1e-30      0.00 7.092e-01 2.755e-01 2.746e-03 7.408e-04 6.719e-03 -1.000 1.527e-02 -5.794 -5.765 -5.819 -5.824 -5.858 -5.899 -5.963 -5.997 -6.003
0.0152 0.01508 4.00000 17.6624298096 2.6300855761   17.652  4.264  3.9457  2.156    0  0.000  0.545     0.00     0.00     0.00     0.00     0.00 -1    -1e-30      0.00 7.092e-01 2.755e-01 2.746e-03 7.408e-04 6.719e-03 -1.000 1.527e-02 -5.890 -5.898 -5.876 -5.858 -5.879 -5.905 -5.937 -5.960 -5.959
0.0152 0.01508 4.00000 18.0000000000 2.6301792302   17.989  4.296  3.9621  2.197    0  0.000  0.545     0.00     0.00     0.00     0.00     0.00 -1    -1e-30      0.00 7.092e-01 2.755e-01 2.746e-03 7.408e-04 6.719e-03 -1.000 1.527e-02 -5.970 -5.992 -5.908 -5.875 -5.890 -5.906 -5.914 -5.928 -5.921
0.0152 0.01508 4.00000 18.2360305786 2.6302423502   18.226  4.317  3.9728  2.225    0  0.000  0.545     0.00     0.00     0.00     0.00     0.00 -1    -1e-30      0.00 7.092e-01 2.755e-01 2.746e-03 7.408e-04 6.719e-03 -1.000 1.527e-02 -6.023 -6.049 -5.925 -5.884 -5.896 -5.906 -5.898 -5.908 -5.898
0.0152 0.01508 4.00000 18.6053619385 2.6303374320   18.596  4.350  3.9893  2.266    0  0.000  0.545     0.00     0.00     0.00     0.00     0.00 -1    -1e-30      0.00 7.092e-01 2.755e-01 2.746e-03 7.408e-04 6.719e-03 -1.000 1.527e-02 -6.106 -6.132 -5.947 -5.896 -5.903 -5.905 -5.874 -5.877 -5.863
0.0152 0.01508 4.00000 18.9792537689 2.6304293659   18.971  4.384  4.0058  2.307    0  0.000  0.545     0.00     0.00     0.00     0.00     0.00 -1    -1e-30      0.00 7.092e-01 2.755e-01 2.746e-03 7.408e-04 6.719e-03 -1.000 1.527e-02 -6.190 -6.210 -5.967 -5.906 -5.909 -5.903 -5.852 -5.849 -5.831
0.0152 0.01508 4.00000 19.3575668335 2.6305182423   19.351  4.418  4.0222  2.347    0  0.000  0.545     0.00     0.00     0.00     0.00     0.00 -1    -1e-30      0.00 7.092e-01 2.755e-01 2.746e-03 7.408e-04 6.719e-03 -1.000 1.527e-02 -6.276 -6.285 -5.985 -5.915 -5.914 -5.901 -5.832 -5.823 -5.801
0.0152 0.01508 4.00000 19.8042163849 2.6306181626   19.799  4.460  4.0414  2.392    0  0.000  0.545     0.00     0.00     0.00     0.00     0.00 -1    -1e-30      0.00 7.092e-01 2.755e-01 2.746e-03 7.408e-04 6.719e-03 -1.000 1.527e-02 -6.380 -6.368 -6.008 -5.927 -5.921 -5.900 -5.810 -5.795 -5.770
0.0152 0.01508 4.00000 20.0000000000 2.6306603470   19.996  4.479  4.0497  2.411    0  0.000  0.545     0.00     0.00     0.00     0.00     0.00 -1    -1e-30      0.00 7.092e-01 2.755e-01 2.746e-03 7.408e-04 6.719e-03 -1.000 1.527e-02 -6.427 -6.404 -6.018 -5.933 -5.925 -5.900 -5.802 -5.784 -5.757
0.0152 0.01508 4.00000 20.1627502441 2.6306946976   20.159  4.494  4.0560  2.424    0  0.000  0.545     0.00     0.00     0.00     0.00     0.00 -1    -1e-30      0.00 7.092e-01 2.755e-01 2.746e-03 7.408e-04 6.719e-03 -1.000 1.527e-02 -6.465 -6.431 -6.027 -5.939 -5.929 -5.902 -5.798 -5.778 -5.750
0.0152 0.01508 4.00000 20.4841022491 2.6307606837   20.481  4.525  4.0683  2.450    0  0.000  0.545     0.00     0.00     0.00     0.00     0.00 -1    -1e-30      0.00 7.092e-01 2.755e-01 2.746e-03 7.408e-04 6.719e-03 -1.000 1.527e-02 -6.542 -6.486 -6.047 -5.953 -5.939 -5.907 -5.791 -5.768 -5.738
0.0152 0.01508 4.00000 20.7587928772 2.6308152298   20.756  4.551  4.0788  2.471    0  0.000  0.545     0.00     0.00     0.00     0.00     0.00 -1    -1e-30      0.00 7.092e-01 2.755e-01 2.746e-03 7.408e-04 6.719e-03 -1.000 1.527e-02 -6.609 -6.529 -6.066 -5.966 -5.948 -5.911 -5.787 -5.760 -5.728
0.0152 0.01508 4.00000 20.9872207642 2.6308593411   20.985  4.574  4.0876  2.488    0  0.000  0.545     0.00     0.00     0.00     0.00     0.00 -1    -1e-30      0.00 7.092e-01 2.755e-01 2.746e-03 7.408e-04 6.719e-03 -1.000 1.527e-02 -6.665 -6.567 -6.080 -5.975 -5.955 -5.915 -5.783 -5.754 -5.721
0.0152 0.01508 4.00000 21.2608623505 2.6309107512   21.259  4.601  4.0981  2.509    0  0.000  0.545     0.00     0.00     0.00     0.00     0.00 -1    -1e-30      0.00 7.092e-01 2.755e-01 2.746e-03 7.408e-04 6.719e-03 -1.000 1.527e-02 -6.734 -6.610 -6.096 -5.987 -5.964 -5.920 -5.779 -5.747 -5.712
0.0152 0.01508 4.00000 21.4886169434 2.6309523940   21.487  4.624  4.1069  2.526    0  0.000  0.545     0.00     0.00     0.00     0.00     0.00 -1    -1e-30      0.00 7.092e-01 2.755e-01 2.746e-03 7.408e-04 6.719e-03 -1.000 1.527e-02 -6.791 -6.644 -6.109 -5.995 -5.970 -5.923 -5.775 -5.741 -5.704
0.0152 0.01508 4.00000 21.7617683411 2.6310010176   21.760  4.651  4.1174  2.546    0  0.000  0.545     0.00     0.00     0.00     0.00     0.00 -1    -1e-30      0.00 7.092e-01 2.755e-01 2.746e-03 7.408e-04 6.719e-03 -1.000 1.527e-02 -6.858 -6.682 -6.123 -6.005 -5.976 -5.925 -5.769 -5.732 -5.693
0.0152 0.01508 4.00000 22.0350322723 2.6310482767   22.034  4.678  4.1280  2.567    0  0.000  0.545     0.00     0.00     0.00     0.00     0.00 -1    -1e-30      0.00 7.092e-01 2.755e-01 2.746e-03 7.408e-04 6.719e-03 -1.000 1.527e-02 -6.924 -6.717 -6.135 -6.012 -5.981 -5.925 -5.761 -5.722 -5.681
0.0152 0.01508 4.00000 22.3087902069 2.6310942886   22.309  4.703  4.1385  2.589    0  0.000  0.545     0.00     0.00     0.00     0.00     0.00 -1    -1e-30      0.00 7.092e-01 2.755e-01 2.746e-03 7.408e-04 6.719e-03 -1.000 1.527e-02 -6.989 -6.750 -6.146 -6.017 -5.983 -5.924 -5.751 -5.709 -5.667
0.0152 0.01508 4.00000 22.5375766754 2.6311317575   22.537  4.724  4.1472  2.607    0  0.000  0.545     0.00     0.00     0.00     0.00     0.00 -1    -1e-30      0.00 7.092e-01 2.755e-01 2.746e-03 7.408e-04 6.719e-03 -1.000 1.527e-02 -7.041 -6.776 -6.153 -6.020 -5.983 -5.921 -5.742 -5.698 -5.654
0.0152 0.01508 4.00000 22.8132781982 2.6311757634   22.813  4.748  4.1576  2.630    0  0.000  0.545     0.00     0.00     0.00     0.00     0.00 -1 -2.55e-28      0.00 7.092e-01 2.755e-01 2.746e-03 7.408e-04 6.719e-03 -1.000 1.527e-02 -7.101 -6.803 -6.159 -6.022 -5.982 -5.916 -5.729 -5.682 -5.636
0.0152 0.01508 4.00000 23.0442638397 2.6312117014   23.045  4.768  4.1663  2.650    0  0.000  0.545     0.00     0.00     0.00     0.00     0.00 -1 -6.02e-23      0.00 7.092e-01 2.755e-01 2.746e-03 7.408e-04 6.719e-03 -1.000 1.527e-02 -7.150 -6.824 -6.163 -6.022 -5.979 -5.910 -5.717 -5.668 -5.620
0.0152 0.01508 4.00000 23.2765865326 2.6312470212   23.278  4.787  4.1749  2.670    0  0.000  0.545     0.00     0.00     0.00     0.00     0.00 -1 -1.48e-19      0.00 7.092e-01 2.755e-01 2.746e-03 7.408e-04 6.719e-03 -1.000 1.527e-02 -7.197 -6.843 -6.165 -6.020 -5.975 -5.902 -5.703 -5.652 -5.603
0.0152 0.01508 4.00000 23.5575389862 2.6312886657   23.559  4.809  4.1851  2.694    0  0.000  0.545     0.00     0.00     0.00     0.00     0.00 -1 -3.13e-18      0.00 7.092e-01 2.755e-01 2.746e-03 7.408e-04 6.719e-03 -1.000 1.527e-02 -7.252 -6.863 -6.166 -6.017 -5.969 -5.892 -5.686 -5.632 -5.582
0.0152 0.01508 4.00000 23.7938003540 2.6313228118   23.795  4.826  4.1936  2.715    0  0.000  0.545     0.00     0.00     0.00     0.00     0.00 -1 -8.13e-17      0.00 7.092e-01 2.755e-01 2.746e-03 7.408e-04 6.719e-03 -1.000 1.527e-02 -7.296 -6.879 -6.166 -6.013 -5.962 -5.882 -5.670 -5.615 -5.563
0.0152 0.01508 4.00000 24.0000000000 2.6313519822   24.001  4.841  4.2010  2.733    0  0.000  0.545     0.00     0.00     0.00     0.00     0.00 -1 -3.02e-17      0.00 7.092e-01 2.755e-01 2.746e-03 7.408e-04 6.719e-03 -1.000 1.527e-02 -7.334 -6.891 -6.165 -6.009 -5.956 -5.873 -5.656 -5.599 -5.545
0.0152 0.01508 4.00000 24.3239059448 2.6313966577   24.324  4.864  4.2113  2.757    0  0.000  0.545     0.00     0.00     0.00     0.00     0.00 -1 -3.24e-17      0.00 7.092e-01 2.755e-01 2.746e-03 7.408e-04 6.719e-03 -1.000 1.527e-02 -7.390 -6.912 -6.168 -6.006 -5.951 -5.864 -5.640 -5.580 -5.525
0.0152 0.01508 4.00000 24.7623615265 2.6314549969   24.760  4.894  4.2251  2.791    0  0.000  0.545     0.00     0.00     0.00     0.00     0.00 -1 -3.52e-17      0.00 7.092e-01 2.755e-01 2.746e-03 7.408e-04 6.719e-03 -1.000 1.527e-02 -7.464 -6.939 -6.170 -6.002 -5.942 -5.851 -5.618 -5.554 -5.497
0.0152 0.01508 4.00000 25.3034038544 2.6315237908   25.298  4.929  4.2419  2.832    0  0.000  0.545     0.00     0.00     0.00     0.00     0.00 -1 -3.91e-17      0.00 7.092e-01 2.755e-01 2.746e-03 7.408e-04 6.719e-03 -1.000 1.527e-02 -7.552 -6.968 -6.170 -5.996 -5.931 -5.834 -5.590 -5.522 -5.461
0.0152 0.01508 4.00000 25.7674427032 2.6315801546   25.760  4.958  4.2559  2.867    0  0.000  0.545     0.00     0.00     0.00     0.00     0.00 -1 -4.23e-17      0.00 7.092e-01 2.755e-01 2.746e-03 7.408e-04 6.719e-03 -1.000 1.527e-02 -7.625 -6.991 -6.170 -5.990 -5.921 -5.819 -5.565 -5.494 -5.430
0.0152 0.01508 4.00000 26.3410739899 2.6316466832   26.330  4.993  4.2730  2.910    0  0.000  0.545     0.00     0.00     0.00     0.00     0.00 -1 -4.67e-17      0.00 7.092e-01 2.755e-01 2.746e-03 7.408e-04 6.719e-03 -1.000 1.527e-02 -7.711 -7.017 -6.168 -5.981 -5.907 -5.799 -5.535 -5.459 -5.392
0.0152 0.01508 4.00000 26.8338279724 2.6317012277   26.820  5.021  4.2873  2.947    0  0.000  0.545     0.00     0.00     0.00     0.00     0.00 -1 -1.39e-17      0.00 7.092e-01 2.755e-01 2.746e-03 7.408e-04 6.719e-03 -1.000 1.527e-02 -7.782 -7.033 -6.166 -5.972 -5.894 -5.780 -5.507 -5.428 -5.358
0.0152 0.01508 4.00000 27.4437141418 2.6317656284   27.427  5.055  4.3045  2.992    0  0.000  0.545     0.00     0.00     0.00     0.00     0.00 -1 -1.26e-17      0.00 7.092e-01 2.755e-01 2.746e-03 7.408e-04 6.719e-03 -1.000 1.527e-02 -7.866 -7.058 -6.162 -5.962 -5.879 -5.760 -5.476 -5.392 -5.319
0.0152 0.01508 4.00000 28.0000000000 2.6318215644   27.983  5.084  4.3199  3.033    0  0.000  0.545     0.00     0.00     0.00     0.00     0.00 -1 -1.18e-17      0.00 7.092e-01 2.755e-01 2.746e-03 7.408e-04 6.719e-03 -1.000 1.527e-02 -7.939 -7.078 -6.156 -5.951 -5.866 -5.743 -5.449 -5.362 -5.285
0.0152 0.01508 4.00000 28.0750141144 2.6318289125   28.058  5.087  4.3219  3.038    0  0.000  0.545     0.00     0.00     0.00     0.00     0.00 -1 -1.71e-17      0.00 7.092e-01 2.755e-01 2.746e-03 7.408e-04 6.719e-03 -1.000 1.527e-02 -7.949 -7.080 -6.155 -5.950 -5.864 -5.740 -5.445 -5.357 -5.281
0.0152 0.01508 4.00000 28.6191978455 2.6318808948   28.601  5.113  4.3363  3.079    0  0.000  0.545     0.00     0.00     0.00     0.00     0.00 -1 -2.28e-13      0.00 7.092e-01 2.755e-01 2.746e-03 7.408e-04 6.719e-03 -1.000 1.527e-02 -8.013 -7.093 -6.145 -5.935 -5.846 -5.719 -5.416 -5.325 -5.246
0.0152 0.01508 4.00000 29.2959270477 2.6319424504   29.277  5.144  4.3537  3.128    0  0.000  0.545     0.00     0.00     0.00     0.00     0.00 -1  -6.4e-08      0.00 7.092e-01 2.755e-01 2.746e-03 7.408e-04 6.719e-03 -1.000 1.527e-02 -8.089 -7.129 -6.155 -5.938 -5.846 -5.717 -5.404 -5.312 -5.229
0.0152 0.01508 4.00000 30.0000000000 2.6320031152   29.983  5.173  4.3712  3.178    0  0.000  0.545     0.00     0.00     0.00     0.00     0.00 -1  -2.4e-07      0.00 7.092e-01 2.755e-01 2.746e-03 7.408e-04 6.719e-03 -1.000 1.527e-02 -8.163 -7.223 -6.227 -5.993 -5.896 -5.771 -5.447 -5.365 -5.276
0.0152 0.01508 4.00000 30.0102615356 2.6320039751   29.993  5.174  4.3714  3.179    0  0.000  0.545     0.00     0.00     0.00     0.00     0.00 -1 -2.41e-07      0.00 7.092e-01 2.755e-01 2.746e-03 7.408e-04 6.719e-03 -1.000 1.527e-02 -8.164 -7.223 -6.227 -5.993 -5.896 -5.771 -5.447 -5.364 -5.276
0.0152 0.01508 4.00000 30.3725681305 2.6320339111   30.355  5.189  4.3794  3.201    0  0.000  0.545     0.00     0.00     0.00     0.00     0.00 -1 -3.04e-07      0.00 7.092e-01 2.755e-01 2.746e-03 7.408e-04 6.719e-03 -1.000 1.527e-02 -8.202 -7.227 -6.223 -5.987 -5.888 -5.762 -5.438 -5.354 -5.264
0.0152 0.01508 4.00000 30.7433967590 2.6320637125   30.725  5.204  4.3874  3.223    0  0.000  0.545     0.00     0.00     0.00     0.00     0.00 -1  -3.8e-07      0.00 7.092e-01 2.755e-01 2.746e-03 7.408e-04 6.719e-03 -1.000 1.527e-02 -8.240 -7.227 -6.217 -5.980 -5.881 -5.754 -5.427 -5.341 -5.250
0.0152 0.01508 4.00000 31.0601081848 2.6320885180   31.041  5.216  4.3943  3.243    0  0.000  0.545     0.00     0.00     0.00     0.00     0.00 -1 -4.53e-07      0.00 7.092e-01 2.755e-01 2.746e-03 7.408e-04 6.719e-03 -1.000 1.527e-02 -8.270 -7.227 -6.211 -5.973 -5.874 -5.746 -5.416 -5.329 -5.236
0.0152 0.01508 4.00000 31.4521236420 2.6321184271   31.433  5.231  4.4027  3.267    0  0.000  0.545     0.00     0.00     0.00     0.00     0.00 -1 -5.03e-07      0.00 7.092e-01 2.755e-01 2.746e-03 7.408e-04 6.719e-03 -1.000 1.527e-02 -8.307 -7.226 -6.203 -5.964 -5.863 -5.733 -5.397 -5.309 -5.215
0.0152 0.01508 4.00000 31.8638095856 2.6321489277   31.844  5.246  4.4115  3.293    0  0.000  0.545     0.00     0.00     0.00     0.00     0.00 -1 -4.24e-07      0.00 7.092e-01 2.755e-01 2.746e-03 7.408e-04 6.719e-03 -1.000 1.527e-02 -8.344 -7.224 -6.194 -5.951 -5.847 -5.712 -5.368 -5.277 -5.182
0.0152 0.01508 4.00000 32.2353286743 2.6321756848   32.214  5.259  4.4194  3.317    0  0.000  0.545     0.00     0.00     0.00     0.00     0.00 -1  -3.2e-07      0.00 7.092e-01 2.755e-01 2.746e-03 7.408e-04 6.719e-03 -1.000 1.527e-02 -8.376 -7.221 -6.184 -5.936 -5.829 -5.690 -5.339 -5.245 -5.148
0.0152 0.01508 4.00000 32.6491394043 2.6322046648   32.627  5.272  4.4280  3.343    0  0.000  0.545     0.00     0.00     0.00     0.00     0.00 -1 -1.66e-07      0.00 7.092e-01 2.755e-01 2.746e-03 7.408e-04 6.719e-03 -1.000 1.527e-02 -8.411 -7.213 -6.167 -5.914 -5.805 -5.662 -5.305 -5.208 -5.108
0.0152 0.01508 4.00000 33.1427879333 2.6322381498   33.119  5.288  4.4381  3.374    0  0.000  0.545     0.00     0.00     0.00     0.00     0.00 -1  -1.4e-07      0.00 7.092e-01 2.755e-01 2.746e-03 7.408e-04 6.719e-03 -1.000 1.527e-02 -8.450 -7.201 -6.147 -5.889 -5.777 -5.632 -5.272 -5.171 -5.072
0.0152 0.01508 4.00000 33.7057189941 2.6322749612   33.680  5.305  4.4494  3.410    0  0.000  0.545     0.00     0.00     0.00     0.00     0.00 -1 -1.72e-07      0.00 7.092e-01 2.755e-01 2.746e-03 7.408e-04 6.719e-03 -1.000 1.527e-02 -8.493 -7.185 -6.122 -5.858 -5.743 -5.596 -5.235 -5.130 -5.031
0.0152 0.01508 4.00000 34.5262298584 2.6323261519   34.499  5.329  4.4664  3.464    0  0.000  0.545     0.00     0.00     0.00     0.00     0.00 -1 -2.31e-07      0.00 7.092e-01 2.755e-01 2.746e-03 7.408e-04 6.719e-03 -1.000 1.527e-02 -8.553 -7.164 -6.086 -5.818 -5.700 -5.546 -5.176 -5.070 -4.970
0.0152 0.01508 4.00000 35.0000000000 2.6323544560   34.976  5.344  4.4769  3.497    0  0.000  0.545     0.00     0.00     0.00     0.00     0.00 -1 -2.72e-07      0.00 7.092e-01 2.755e-01 2.746e-03 7.408e-04 6.719e-03 -1.000 1.527e-02 -8.590 -7.157 -6.069 -5.799 -5.678 -5.519 -5.142 -5.034 -4.934
0.0152 0.01508 4.00000 35.3286972046 2.6323735810   35.305  5.352  4.4819  3.513    0  0.000  0.545     0.00     0.00     0.00     0.00     0.00 -1 -2.92e-07      0.00 7.092e-01 2.755e-01 2.746e-03 7.408e-04 6.719e-03 -1.000 1.527e-02 -8.611 -7.155 -6.065 -5.794 -5.672 -5.514 -5.136 -5.027 -4.927
0.0152 0.01508 4.00000 36.7288055420 2.6324506546   36.708  5.386  4.5018  3.576    0  0.000  0.545     0.00     0.00     0.00     0.00     0.00 -1 -3.83e-07      0.00 7.092e-01 2.755e-01 2.746e-03 7.408e-04 6.719e-03 -1.000 1.527e-02 -8.695 -7.148 -6.047 -5.770 -5.648 -5.488 -5.106 -4.995 -4.892
0.0152 0.01508 4.00000 38.0045471191 2.6325152258   37.986  5.415  4.5188  3.630    0  0.000  0.545     0.00     0.00     0.00     0.00     0.00 -1 -4.79e-07      0.00 7.092e-01 2.755e-01 2.746e-03 7.408e-04 6.719e-03 -1.000 1.527e-02 -8.768 -7.118 -6.007 -5.729 -5.607 -5.446 -5.057 -4.941 -4.836
0.0152 0.01508 4.00000 39.3755111694 2.6325792804   39.359  5.445  4.5359  3.683    0  0.000  0.545     0.00     0.00     0.00     0.00     0.00 -1 -5.84e-07      0.00 7.092e-01 2.755e-01 2.746e-03 7.408e-04 6.719e-03 -1.000 1.527e-02 -8.843 -7.092 -5.974 -5.694 -5.572 -5.410 -5.019 -4.902 -4.797
0.0152 0.01508 4.00000 40.0000000000 2.6326067896   39.987  5.458  4.5432  3.706    0  0.000  0.545     0.00     0.00     0.00     0.00     0.00 -1 -6.36e-07      0.00 7.092e-01 2.755e-01 2.746e-03 7.408e-04 6.719e-03 -1.000 1.527e-02 -8.875 -7.084 -5.964 -5.682 -5.560 -5.396 -5.005 -4.889 -4.785
0.0152 0.01508 4.00000 40.7508392334 2.6326385843   40.740  5.473  4.5510  3.731    0  0.000  0.545     0.00     0.00     0.00     0.00     0.00 -1 -6.97e-07      0.00 7.092e-01 2.755e-01 2.746e-03 7.408e-04 6.719e-03 -1.000 1.527e-02 -8.912 -7.079 -5.956 -5.673 -5.551 -5.385 -4.994 -4.878 -4.774
0.0152 0.01508 4.00000 42.3101158142 2.6327004861   42.303  5.502  4.5658  3.777    0  0.000  0.545     0.00     0.00     0.00     0.00     0.00 -1 -8.23e-07      0.00 7.092e-01 2.755e-01 2.746e-03 7.408e-04 6.719e-03 -1.000 1.527e-02 -8.986 -7.077 -5.950 -5.671 -5.549 -5.382 -4.991 -4.876 -4.771
0.0152 0.01508 4.00000 44.1633872986 2.6327675608   44.162  5.535  4.5815  3.826    0  0.000  0.545     0.00     0.00     0.00     0.00     0.00 -1 -9.78e-07      0.00 7.092e-01 2.755e-01 2.746e-03 7.408e-04 6.719e-03 -1.000 1.527e-02 -9.067 -7.074 -5.941 -5.660 -5.537 -5.368 -4.979 -4.865 -4.760
0.0152 0.01508 4.00000 45.0000000000 2.6327957669   45.000  5.549  4.5880  3.846    0  0.000  0.545     0.00     0.00     0.00     0.00     0.00 -1 -1.05e-06      0.00 7.092e-01 2.755e-01 2.746e-03 7.408e-04 6.719e-03 -1.000 1.527e-02 -9.103 -6.978 -5.833 -5.538 -5.419 -5.261 -4.898 -4.789 -4.693
0.0152 0.01508 4.00000 45.6725578308 2.6328175823   45.670  5.560  4.5929  3.861    0  0.000  0.545     0.00     0.00     0.00     0.00     0.00 -1 -1.11e-06      0.00 7.092e-01 2.755e-01 2.746e-03 7.408e-04 6.719e-03 -1.000 1.527e-02 -9.129 -6.975 -5.827 -5.534 -5.418 -5.263 -4.900 -4.787 -4.691
0.0152 0.01508 4.00000 49.1296005249 2.6329189624   49.117  5.608  4.6107  3.916    0  0.000  0.545     0.00     0.00     0.00     0.00     0.00 -1 -1.35e-06      0.00 7.092e-01 2.755e-01 2.746e-03 7.408e-04 6.719e-03 -1.000 1.527e-02 -9.251 -6.990 -5.838 -5.545 -5.430 -5.274 -4.902 -4.787 -4.694
0.0152 0.01508 4.00000 50.0000000000 2.6329419605   49.985  5.620  4.6140  3.925    0  0.000  0.545     0.00     0.00     0.00     0.00     0.00 -1 -1.41e-06      0.00 7.092e-01 2.755e-01 2.746e-03 7.408e-04 6.719e-03 -1.000 1.527e-02 -9.280 -6.999 -5.846 -5.553 -5.436 -5.278 -4.903 -4.789 -4.697
0.0152 0.01508 4.00000 55.0000000000 2.6330580200   54.958  5.682  4.6287  3.963    0  0.000  0.545     0.00     0.00     0.00     0.00     0.00 -1 -1.75e-06      0.00 7.092e-01 2.755e-01 2.746e-03 7.408e-04 6.719e-03 -1.000 1.527e-02 -9.435 -7.067 -5.910 -5.613 -5.489 -5.322 -4.937 -4.823 -4.733
0.0152 0.01508 4.00000 59.7427597046 2.6331477218   59.685  5.739  4.6411  3.991    0  0.000  0.545     0.00     0.00     0.00     0.00     0.00 -1  -2.1e-06      0.00 7.092e-01 2.755e-01 2.746e-03 7.408e-04 6.719e-03 -1.000 1.527e-02 -9.577 -7.153 -5.991 -5.689 -5.561 -5.386 -4.996 -4.883 -4.791
0.0152 0.01508 4.00000 60.0000000000 2.6331521230   59.948  5.742  4.6417  3.993    0  0.000  0.545     0.00     0.00     0.00     0.00     0.00 -1 -2.12e-06      0.00 7.092e-01 2.755e-01 2.746e-03 7.408e-04 6.719e-03 -1.000 1.527e-02 -9.585 -7.158 -5.995 -5.694 -5.565 -5.390 -5.000 -4.887 -4.795
0.0152 0.01508 4.00000 64.0636291504 2.6332162912   63.960  5.787  4.6504  4.010    0  0.000  0.545     0.00     0.00     0.00     0.00     0.00 -1 -2.45e-06      0.00 7.092e-01 2.755e-01 2.746e-03 7.408e-04 6.719e-03 -1.000 1.527e-02 -9.699 -7.232 -6.067 -5.763 -5.632 -5.453 -5.062 -4.951 -4.861
0.0152 0.01508 4.00000 65.0000000000 2.6332297755   64.884  5.798  4.6522  4.013    0  0.000  0.545     0.00     0.00     0.00     0.00     0.00 -1 -2.53e-06      0.00 7.092e-01 2.755e-01 2.746e-03 7.408e-04 6.719e-03 -1.000 1.527e-02 -9.725 -7.248 -6.083 -5.779 -5.649 -5.470 -5.078 -4.967 -4.876
0.0152 0.01508 4.00000 68.9767761230 2.6332823828   68.888  5.838  4.6596  4.028    0  0.000  0.545     0.00     0.00     0.00     0.00     0.00 -1 -2.83e-06      0.00 7.092e-01 2.755e-01 2.746e-03 7.408e-04 6.719e-03 -1.000 1.527e-02 -9.826 -7.306 -6.140 -5.837 -5.708 -5.530 -5.135 -5.023 -4.932
0.0152 0.01508 4.00000 70.0000000000 2.6332948117   69.927  5.850  4.6617  4.032    0  0.000  0.545     0.00     0.00     0.00     0.00     0.00 -1 -2.92e-06      0.00 7.092e-01 2.755e-01 2.746e-03 7.408e-04 6.719e-03 -1.000 1.527e-02 -9.854 -7.324 -6.157 -5.854 -5.725 -5.548 -5.152 -5.039 -4.948
0.0152 0.01508 4.00000 80.0000000000 2.6333972910   79.813  5.949  4.6781  4.055    0  0.000  0.545     0.00     0.00     0.00     0.00     0.00 -1 -3.92e-06      0.00 7.092e-01 2.755e-01 2.746e-03 7.408e-04 6.719e-03 -1.000 1.527e-02 -10.102 -7.474 -6.306 -6.003 -5.874 -5.699 -5.298 -5.181 -5.088
0.0152 0.01508 4.00000 81.2122268677 2.6334077574   81.043  5.960  4.6800  4.058    0  0.000  0.545     0.00     0.00     0.00     0.00     0.00 -1 -4.05e-06      0.00 7.092e-01 2.755e-01 2.746e-03 7.408e-04 6.719e-03 -1.000 1.527e-02 -10.131 -7.488 -6.319 -6.016 -5.887 -5.712 -5.311 -5.195 -5.102
0.0152 0.01508 4.00000 90.0000000000 2.6334740396   89.955  6.040  4.6938  4.080    0  0.000  0.545     0.00     0.00     0.00     0.00     0.00 -1 -5.13e-06      0.00 7.092e-01 2.755e-01 2.746e-03 7.408e-04 6.719e-03 -1.000 1.527e-02 -10.329 -7.582 -6.412 -6.105 -5.975 -5.799 -5.404 -5.290 -5.196
0.0152 0.01508 4.00000 95.0000000000 2.6335055226   94.944  6.080  4.7004  4.090    0  0.000  0.545     0.00     0.00     0.00     0.00     0.00 -1 -5.77e-06      0.00 7.092e-01 2.755e-01 2.746e-03 7.408e-04 6.719e-03 -1.000 1.527e-02 -10.429 -7.634 -6.462 -6.154 -6.023 -5.847 -5.454 -5.340 -5.246
0.0152 0.01508 4.00000 99.9339370728 2.6335330651   99.853  6.116  4.7046  4.092    0  0.000  0.545     0.00     0.00     0.00     0.00     0.00 -1 -6.42e-06      0.00 7.092e-01 2.755e-01 2.746e-03 7.408e-04 6.719e-03 -1.000 1.527e-02 -10.520 -7.695 -6.523 -6.215 -6.085 -5.909 -5.516 -5.403 -5.311
0.0152 0.01508 4.00000 100.0000000000 2.6335334127   99.919  6.116  4.7046  4.092    0  0.000  0.545     0.00     0.00     0.00     0.00     0.00 -1 -6.43e-06      0.00 7.092e-01 2.755e-01 2.746e-03 7.408e-04 6.719e-03 -1.000 1.527e-02 -10.521 -7.696 -6.524 -6.216 -6.086 -5.910 -5.517 -5.404 -5.312
0.0152 0.01508 4.00000 120.0000000000 2.6336187652  119.826  6.243  4.7161  4.090    0  0.000  0.545     0.00     0.00     0.00     0.00     0.00 -1 -9.23e-06      0.00 7.092e-01 2.755e-01 2.746e-03 7.408e-04 6.719e-03 -1.000 1.527e-02 -10.838 -7.932 -6.760 -6.453 -6.325 -6.150 -5.757 -5.645 -5.557
0.0152 0.01508 4.00000 121.8597488403 2.6336187652  121.681  6.253  4.7169  4.090    0  0.000  0.545     0.00     0.00     0.00     0.00     0.00 -1  -9.5e-06      0.00 7.092e-01 2.755e-01 2.746e-03 7.408e-04 6.719e-03 -1.000 1.527e-02 -10.863 -7.952 -6.780 -6.474 -6.345 -6.170 -5.778 -5.665 -5.577
0.0152 0.01508 4.00000 150.9042053223 2.6336187652  150.541  6.396  4.7207  4.055    0  0.000  0.540     0.00     0.00     0.00     0.00     0.00 -1 -1.46e-05      0.00 7.090e-01 2.757e-01 2.719e-03 8.053e-04 6.680e-03 -1.000 1.527e-02 -11.219 -8.282 -7.109 -6.807 -6.688 -6.515 -6.143 -6.055 -6.004
0.0152 0.01508 4.00000 153.7092895508 2.6336187652  153.174  6.408  4.7036  3.982    0  0.000  0.537     0.00     0.00     0.00     0.00     0.00 -1  -1.6e-05      0.00 7.092e-01 2.755e-01 2.699e-03 7.911e-04 6.719e-03 -1.000 1.528e-02 -11.250 -8.435 -7.265 -6.967 -6.846 -6.675 -6.295 -6.196 -6.127
0.0152 0.01508 4.00000 155.2936859131 2.6336187652  154.730  6.413  4.6924  3.936    0  0.000  0.545     0.00     0.00     0.00     0.00     0.00 -1 -1.66e-05      0.00 7.092e-01 2.755e-01 2.746e-03 7.408e-04 6.719e-03 -1.000 1.527e-02 -11.263 -8.535 -7.365 -7.066 -6.944 -6.771 -6.385 -6.281 -6.206
0.0152 0.01508 4.00000 157.7562713623 2.6336187652  157.199  6.424  4.6839  3.898    0  0.000  0.545     0.00     0.00     0.00     0.00     0.00 -1 -1.77e-05      0.00 7.092e-01 2.755e-01 2.746e-03 7.408e-04 6.719e-03 -1.000 1.527e-02 -11.290 -8.632 -7.462 -7.162 -7.039 -6.864 -6.473 -6.368 -6.291
0.0152 0.01508 4.00000 161.3484954834 2.6336187652  160.830  6.442  4.6773  3.864    0  0.000  0.545     0.00     0.00     0.00     0.00     0.00 -1  -1.9e-05      0.00 7.092e-01 2.755e-01 2.746e-03 7.408e-04 6.719e-03 -1.000 1.527e-02 -11.334 -8.730 -7.561 -7.260 -7.136 -6.960 -6.566 -6.458 -6.381
0.0152 0.01508 4.00000 200.0000000000 2.6336187652  199.398  6.580  4.6838  3.845    0  0.000  0.545     0.00     0.00     0.00     0.00     0.00 -1 -2.77e-05      0.00 7.092e-01 2.755e-01 2.746e-03 7.408e-04 6.719e-03 -1.000 1.527e-02 -11.681 -9.023 -7.854 -7.554 -7.430 -7.256 -6.865 -6.759 -6.683
0.0152 0.01508 4.00000 250.0000000000 2.6336187652  248.590  6.711  4.6981  3.867    0  0.000  0.545     0.00     0.00     0.00     0.00     0.00 -1 -3.91e-05      0.00 7.092e-01 2.755e-01 2.746e-03 7.408e-04 6.719e-03 -1.000 1.527e-02 -12.006 -9.231 -8.062 -7.763 -7.641 -7.470 -7.086 -6.984 -6.910
0.0152 0.01508 4.00000 300.0000000000 2.6336187652  297.910  6.815  4.6932  3.822    0  0.000  0.545     0.00     0.00     0.00     0.00     0.00 -1 -5.35e-05      0.00 7.092e-01 2.755e-01 2.746e-03 7.408e-04 6.719e-03 -1.000 1.527e-02 -12.268 -9.533 -8.363 -8.064 -7.942 -7.770 -7.383 -7.280 -7.205
0.0152 0.01508 4.00000 350.0000000000 2.6336187652  347.520  6.904  4.7280  3.939    0  0.000  0.536     0.00     0.00     0.00     0.00     0.00 -1 -6.16e-05      0.00 7.092e-01 2.756e-01 2.704e-03 7.961e-04 6.712e-03 -1.000 1.528e-02 -12.490 -9.507 -8.336 -8.037 -7.922 -7.752 -7.387 -7.306 -7.268
0.0152 0.01508 4.00000 350.0087280273 2.6336187652  345.133  6.893  4.6349  3.575    0  0.000  0.433     0.00     0.00     0.00     0.00     0.00 -1 -3.46e-07      0.00 7.089e-01 2.758e-01 2.222e-03 1.431e-03 6.635e-03 -1.000 1.534e-02 -12.463 -10.108 -8.963 -8.675 -8.555 -8.389 -8.014 -7.916 -7.836
0.0152 0.01508 4.00000 350.0126342773 2.6336187652  341.711  6.888  4.5872  3.385    0  0.000  0.114     0.00     0.00     0.00     0.00     0.00 -1 -3.51e-08      0.00 7.060e-01 2.785e-01 5.404e-04 4.106e-03 5.843e-03 -1.000 1.549e-02 -12.449 -10.505 -9.388 -9.124 -9.017 -8.867 -8.510 -8.414 -8.328
0.0152 0.01508 4.00000 350.0168457031 2.6336187652  333.227  6.882  4.5394  3.188    0  0.000  0.142     0.00     0.00     0.00     0.00     0.00 -1 -3.04e-09      0.00 6.855e-01 2.994e-01 5.485e-04 6.590e-03 2.992e-03 -1.000 1.516e-02 -12.436 -10.709 -9.596 -9.327 -9.210 -9.051 -8.661 -8.545 -8.441
0.0152 0.01508 4.00000 350.0195922852 2.6336187652  322.008  6.879  4.5104  3.061    0  0.000  0.300     0.00     0.00     0.00     0.00     0.00 -1 -6.14e-10      0.00 6.500e-01 3.349e-01 6.197e-04 7.478e-03 1.883e-03 -1.000 1.506e-02 -12.427 -10.846 -9.741 -9.471 -9.352 -9.193 -8.805 -8.691 -8.587
0.0152 0.01508 4.00000 350.0209655762 2.6336187652  313.555  6.877  4.4974  2.999    0  0.000  0.511     0.00     0.00     0.00     0.00     0.00 -1 -2.81e-10      0.00 6.200e-01 3.650e-01 6.592e-04 7.649e-03 1.635e-03 -1.000 1.500e-02 -12.423 -10.946 -9.823 -9.561 -9.466 -9.297 -8.968 -8.885 -8.841
0.0152 0.01508 4.00000 350.0220336914 2.6336187652  304.621  6.876  4.4886  2.953    0  0.000  0.792     0.00     0.00     0.00     0.00     0.00 -1 -1.51e-10      0.00 5.862e-01 3.988e-01 6.893e-04 7.634e-03 1.613e-03 -1.000 1.500e-02 -12.419 -10.986 -9.869 -9.609 -9.514 -9.346 -9.019 -8.937 -8.894
0.0152 0.01508 4.00000 350.0228576660 2.6336187652  296.102  6.875  4.4829  2.918    0  0.000  0.959     0.00     0.00     0.00     0.00     0.00 -1 -9.56e-11      0.00 5.521e-01 4.329e-01 7.120e-04 7.587e-03 1.641e-03 -1.000 1.501e-02 -12.418 -11.012 -9.899 -9.641 -9.547 -9.379 -9.054 -8.971 -8.930
0.0152 0.01508 4.00000 350.0234680176 2.6336187652  288.621  6.874  4.4794  2.893    0  0.000  1.031     0.00     0.00     0.00     0.00     0.00 -1  -6.8e-11      0.00 5.230e-01 4.620e-01 7.288e-04 7.541e-03 1.673e-03 -1.000 1.498e-02 -12.416 -11.027 -9.916 -9.659 -9.566 -9.398 -9.074 -8.992 -8.950
0.0152 0.01508 4.00000 350.0238952637 2.6336187652  282.734  6.874  4.4776  2.877    0  0.000  1.061     0.00     0.00     0.00     0.00     0.00 -1  -5.4e-11      0.00 4.995e-01 4.856e-01 7.405e-04 7.505e-03 1.698e-03 -1.000 1.497e-02 -12.415 -11.035 -9.926 -9.669 -9.576 -9.408 -9.085 -9.002 -8.961
0.0152 0.01508 4.00000 350.0242919922 2.6336187652  276.637  6.874  4.4764  2.864    0  0.000  1.080     0.00     0.00     0.00     0.00     0.00 -1 -4.33e-11      0.00 4.750e-01 5.100e-01 7.515e-04 7.475e-03 1.722e-03 -1.000 1.500e-02 -12.415 -11.041 -9.932 -9.675 -9.582 -9.415 -9.091 -9.009 -8.968
0.0152 0.01508 4.00000 350.0246582031 2.6336187652  270.148  6.873  4.4759  2.852    0  0.000  1.098     0.00     0.00     0.00     0.00     0.00 -1 -3.53e-11      0.00 4.490e-01 5.360e-01 7.621e-04 7.442e-03 1.746e-03 -1.000 1.501e-02 -12.414 -11.044 -9.934 -9.678 -9.584 -9.418 -9.093 -9.011 -8.970
0.0152 0.01508 4.00000 350.0249938965 2.6336187652  263.621  6.873  4.4757  2.841    0  0.000  1.114     0.00     0.00     0.00     0.00     0.00 -1 -2.92e-11      0.00 4.237e-01 5.613e-01 7.718e-04 7.413e-03 1.767e-03 -1.000 1.501e-02 -12.413 -11.046 -9.934 -9.679 -9.585 -9.419 -9.094 -9.012 -8.970
0.0152 0.01508 4.00000 350.0250549316 2.6336187652  260.035  6.869  4.4784  2.849    0  0.000  1.121     0.00     0.00     0.00     0.00     0.00 -1 -5.06e-11      0.00 4.135e-01 5.714e-01 7.734e-04 7.409e-03 1.770e-03 -1.000 1.501e-02 -12.403 -11.024 -9.910 -9.654 -9.560 -9.393 -9.067 -8.985 -8.942
0.0152 0.01508 4.00000 350.0251770020 2.6336187652  251.236  6.856  4.4776  2.845    0  0.000  1.125     0.00     0.00     0.00     0.00     0.00 -1 -4.61e-11      0.00 4.046e-01 5.803e-01 7.766e-04 7.399e-03 1.778e-03 -1.000 1.505e-02 -12.369 -10.994 -9.880 -9.625 -9.530 -9.364 -9.038 -8.956 -8.913
0.0152 0.01508 4.00000 350.0252990723 2.6336187652  242.578  6.842  4.4777  2.844    0  0.000  1.130     0.00     0.00     0.00     0.00     0.00 -1  -5.4e-11      0.00 3.943e-01 5.906e-01 7.798e-04 7.392e-03 1.785e-03 -1.000 1.505e-02 -12.334 -10.959 -9.845 -9.589 -9.495 -9.329 -9.002 -8.920 -8.877
0.0152 0.01508 4.00000 350.0254211426 2.6336187652  233.885  6.827  4.4783  2.845    0  0.000  1.135     0.00     0.00     0.00     0.00     0.00 -1 -7.16e-11      0.00 3.829e-01 6.021e-01 7.831e-04 7.382e-03 1.792e-03 -1.000 1.502e-02 -12.298 -10.921 -9.805 -9.550 -9.455 -9.289 -8.961 -8.878 -8.834
0.0152 0.01508 4.00000 350.0255126953 2.6336187652  221.590  6.807  4.4848  2.868    0  0.000  1.151     0.00     0.00     0.00     0.00     0.00 -1 -7.84e-11      0.00 3.588e-01 6.262e-01 7.867e-04 7.373e-03 1.799e-03 -1.000 1.502e-02 -12.247 -10.838 -9.717 -9.460 -9.362 -9.197 -8.864 -8.780 -8.733
0.0152 0.01508 4.00000 350.0256347656 2.6336187652  206.805  6.774  4.4845  2.869    0  0.000  1.153     0.00     0.00     0.00     0.00     0.00 -1 -6.82e-11      0.00 3.483e-01 6.367e-01 7.895e-04 7.364e-03 1.806e-03 -1.000 1.505e-02 -12.165 -10.759 -9.637 -9.381 -9.283 -9.118 -8.784 -8.700 -8.652
0.0152 0.01508 4.00000 350.0257263184 2.6336187652  193.018  6.741  4.4832  2.868    0  0.000  1.153     0.00     0.00     0.00     0.00     0.00 -1  -5.9e-11      0.00 3.399e-01 6.451e-01 7.924e-04 7.354e-03 1.813e-03 -1.000 1.505e-02 -12.082 -10.683 -9.561 -9.305 -9.207 -9.042 -8.708 -8.625 -8.576
0.0152 0.01508 4.00000 350.0258483887 2.6336187652  179.812  6.707  4.4820  2.866    0  0.000  1.151     0.00     0.00     0.00     0.00     0.00 -1 -5.09e-11      0.00 3.313e-01 6.536e-01 7.952e-04 7.345e-03 1.820e-03 -1.000 1.505e-02 -11.997 -10.605 -9.483 -9.228 -9.130 -8.965 -8.631 -8.547 -8.498
0.0152 0.01508 4.00000 350.0259704590 2.6336187652  167.582  6.673  4.4809  2.865    0  0.000  1.151     0.00     0.00     0.00     0.00     0.00 -1 -4.39e-11      0.00 3.228e-01 6.621e-01 7.981e-04 7.336e-03 1.828e-03 -1.000 1.505e-02 -11.913 -10.526 -9.405 -9.150 -9.051 -8.887 -8.552 -8.469 -8.420
0.0152 0.01508 4.00000 350.0260620117 2.6336187652  156.191  6.639  4.4799  2.864    0  0.000  1.151     0.00     0.00     0.00     0.00     0.00 -1  -3.8e-11      0.00 3.141e-01 6.708e-01 8.010e-04 7.326e-03 1.835e-03 -1.000 1.505e-02 -11.828 -10.447 -9.326 -9.071 -8.972 -8.808 -8.473 -8.389 -8.340
0.0152 0.01508 4.00000 350.0261840820 2.6336187652  145.828  6.606  4.4790  2.863    0  0.000  1.151     0.00     0.00     0.00     0.00     0.00 -1 -3.29e-11      0.00 3.057e-01 6.793e-01 8.038e-04 7.317e-03 1.842e-03 -1.000 1.502e-02 -11.745 -10.369 -9.248 -8.994 -8.895 -8.731 -8.395 -8.311 -8.262
0.0152 0.01508 4.00000 350.0262756348 2.6336187652  136.139  6.573  4.4781  2.864    0  0.000  1.151     0.00     0.00     0.00     0.00     0.00 -1 -2.83e-11      0.00 2.973e-01 6.877e-01 8.067e-04 7.308e-03 1.849e-03 -1.000 1.505e-02 -11.662 -10.291 -9.169 -8.915 -8.816 -8.653 -8.317 -8.233 -8.182
0.0152 0.01508 4.00000 350.0263671875 2.6336187652  127.320  6.540  4.4773  2.864    0  0.000  1.153     0.00     0.00     0.00     0.00     0.00 -1 -2.47e-11      0.00 2.890e-01 6.960e-01 8.095e-04 7.300e-03 1.855e-03 -1.000 1.502e-02 -11.580 -10.213 -9.091 -8.838 -8.739 -8.576 -8.239 -8.155 -8.104
0.0152 0.01508 4.00000 350.0264892578 2.6336187652  118.893  6.506  4.4766  2.865    0  0.000  1.155     0.00     0.00     0.00     0.00     0.00 -1 -2.13e-11      0.00 2.805e-01 7.045e-01 8.124e-04 7.294e-03 1.862e-03 -1.000 1.505e-02 -11.496 -10.134 -9.011 -8.758 -8.659 -8.496 -8.158 -8.074 -8.023
0.0152 0.01508 4.00000 350.0265808105 2.6336187652  111.193  6.474  4.4761  2.867    0  0.000  1.159     0.00     0.00     0.00     0.00     0.00 -1 -1.86e-11      0.00 2.721e-01 7.128e-01 8.153e-04 7.285e-03 1.869e-03 -1.000 1.508e-02 -11.414 -10.055 -8.932 -8.680 -8.579 -8.417 -8.079 -7.994 -7.942
0.0152 0.01508 4.00000 350.0267028809 2.6336187652  103.692  6.440  4.4754  2.868    0  0.000  1.164     0.00     0.00     0.00     0.00     0.00 -1  -1.6e-11      0.00 2.633e-01 7.216e-01 8.184e-04 7.276e-03 1.875e-03 -1.000 1.509e-02 -11.329 -9.974 -8.851 -8.599 -8.498 -8.336 -7.997 -7.912 -7.860
0.0152 0.01508 4.00000 350.0267944336 2.6336187652   96.742  6.406  4.4754  2.871    0  0.000  1.172     0.00     0.00     0.00     0.00     0.00 -1 -1.37e-11      0.00 2.544e-01 7.306e-01 8.216e-04 7.266e-03 1.882e-03 -1.000 1.505e-02 -11.245 -9.891 -8.767 -8.515 -8.414 -8.252 -7.912 -7.827 -7.773
0.0152 0.01508 4.00000 350.0268859863 2.6336187652   90.410  6.374  4.4760  2.877    0  0.000  1.183     0.00     0.00     0.00     0.00     0.00 -1  -1.2e-11      0.00 2.456e-01 7.394e-01 8.249e-04 7.257e-03 1.888e-03 -1.000 1.505e-02 -11.164 -9.807 -8.682 -8.430 -8.328 -8.167 -7.826 -7.741 -7.686
0.0152 0.01508 4.00000 350.0269775391 2.6336187652   85.011  6.344  4.4770  2.884    0  0.000  1.197     0.00     0.00     0.00     0.00     0.00 -1 -1.06e-11      0.00 2.374e-01 7.476e-01 8.281e-04 7.249e-03 1.894e-03 -1.000 1.504e-02 -11.090 -9.729 -8.602 -8.350 -8.247 -8.086 -7.743 -7.658 -7.602
0.0152 0.01508 4.00000 350.0270690918 2.6336187652   79.951  6.315  4.4790  2.894    0  0.000  1.216     0.00     0.00     0.00     0.00     0.00 -1 -9.26e-12      0.00 2.292e-01 7.558e-01 8.315e-04 7.241e-03 1.900e-03 -1.000 1.503e-02 -11.016 -9.646 -8.517 -8.265 -8.161 -8.001 -7.656 -7.570 -7.513
0.0152 0.01508 4.00000 350.0271606445 2.6336187652   75.778  6.289  4.4820  2.908    0  0.000  1.238     0.00     0.00     0.00     0.00     0.00 -1 -8.27e-12      0.00 2.220e-01 7.629e-01 8.347e-04 7.233e-03 1.904e-03 -1.000 1.505e-02 -10.953 -9.568 -8.436 -8.184 -8.079 -7.918 -7.571 -7.485 -7.426
0.0152 0.01508 4.00000 350.0272216797 2.6336187652   72.392  6.267  4.4865  2.928    0  0.000  1.264     0.00     0.00     0.00     0.00     0.00 -1 -7.56e-12      0.00 2.159e-01 7.691e-01 8.378e-04 7.224e-03 1.908e-03 -1.000 1.504e-02 -10.899 -9.492 -8.357 -8.102 -7.997 -7.836 -7.487 -7.399 -7.339
0.0152 0.01508 4.00000 350.0272827148 2.6336187652   70.236  6.254  4.4918  2.950    0  0.000  1.283     0.00     0.00     0.00     0.00     0.00 -1  -7.1e-12      0.00 2.128e-01 7.721e-01 8.399e-04 7.219e-03 1.910e-03 -1.000 1.506e-02 -10.864 -9.431 -8.292 -8.037 -7.930 -7.769 -7.417 -7.329 -7.267
0.0152 0.01508 4.00000 350.0273132324 2.6336187652   67.817  6.248  4.5366  3.120    0  0.000  1.299     0.00     0.00     0.00     0.00     0.00 -1 -6.75e-12      0.00 2.104e-01 7.745e-01 8.421e-04 7.214e-03 1.913e-03 -1.000 1.506e-02 -10.850 -9.153 -7.998 -7.728 -7.619 -7.460 -7.102 -7.011 -6.949
0.0152 0.01508 4.00000 350.0273437500 2.6336187652   66.547  6.254  4.6069  3.386    0  0.000  1.199     0.00     0.00     0.00     0.00     0.00 -1 -6.89e-12      0.00 2.067e-01 7.782e-01 8.329e-04 7.227e-03 1.914e-03 -1.000 1.507e-02 -10.866 -8.683 -7.513 -7.221 -7.106 -6.941 -6.575 -6.482 -6.426
0.0152 0.01508 4.00000 350.0273742676 2.6336187652   65.735  6.269  4.7142  3.796    0  0.000  1.198     0.00     0.00     0.00     0.00     0.00 -1 -7.11e-12      0.00 2.040e-01 7.809e-01 8.333e-04 7.228e-03 1.915e-03 -1.000 1.507e-02 -10.902 -7.972 -6.786 -6.475 -6.355 -6.178 -5.797 -5.695 -5.635
0.0152 0.01508 4.00000 350.0274353027 2.6336187652   62.689  6.239  4.7317  3.875    0  0.000  1.470     0.00     0.00     0.00     0.00     0.00 -1 -6.37e-12      0.00 1.953e-01 7.896e-01 8.534e-04 7.199e-03 1.916e-03 -1.000 1.507e-02 -10.827 -7.772 -6.583 -6.271 -6.150 -5.972 -5.589 -5.486 -5.424
0.0152 0.01508 4.00000 350.0274963379 2.6336187652   59.561  6.213  4.7324  3.882    0  0.000 40.891     0.00     0.00     0.00     0.00     0.00 -1 -5.52e-12      0.00 1.949e-01 7.677e-01 2.115e-02 4.026e-03 2.222e-03  9.921 3.738e-02 -10.761 -7.701 -6.512 -6.200 -6.079 -5.901 -5.518 -5.415 -5.354
0.0152 0.01508 4.00000 350.0275878906 2.6336187652   55.978  6.184  4.7294  3.871    0  0.000 27.018     0.00     0.00     0.00     0.00     0.00 -1 -3.81e-12      0.00 1.956e-01 6.608e-01 1.204e-01 2.044e-04 6.900e-03 10.691 1.436e-01 -10.690 -7.555 -6.370 -6.059 -5.922 -5.737 -5.338 -5.220 -5.106
0.0152 0.01508 4.00000 350.0277404785 2.6336187652   52.463  6.160  4.7275  3.860    0  0.000 12.871     0.00     0.00     0.00     0.00     0.00 -1  -2.6e-12      0.00 1.967e-01 5.652e-01 2.031e-01 2.055e-04 1.875e-02 10.904 2.381e-01 -10.630 -7.507 -6.321 -6.011 -5.875 -5.689 -5.290 -5.175 -5.060
0.0152 0.01508 4.00000 350.0278625488 2.6336187652   50.090  6.147  4.7296  3.862    0  0.000  7.794     0.00     0.00     0.00     0.00     0.00 -1 -1.85e-12      0.00 1.976e-01 4.863e-01 2.635e-01 2.064e-04 3.621e-02 10.998 3.161e-01 -10.597 -7.460 -6.274 -5.964 -5.827 -5.642 -5.242 -5.125 -5.011
0.0152 0.01508 4.00000 350.0279846191 2.6336187652   48.592  6.142  4.7380  3.886    0  0.000  4.830     0.00     0.00     0.00     0.00     0.00 -1 -1.23e-12      0.00 1.985e-01 3.921e-01 3.227e-01 2.073e-04 7.026e-02 11.054 4.094e-01 -10.586 -7.397 -6.211 -5.896 -5.759 -5.578 -5.176 -5.049 -4.937
0.0152 0.01508 4.00000 350.0280456543 2.6336187652   48.011  6.146  4.7541  3.942    0  0.000  4.296     0.00     0.00     0.00     0.00     0.00 -1  -1.2e-12      0.00 1.989e-01 3.715e-01 3.329e-01 2.078e-04 8.014e-02 11.058 4.295e-01 -10.595 -7.293 -6.107 -5.786 -5.648 -5.469 -5.066 -4.938 -4.835
0.0152 0.01508 4.00000 350.0280761719 2.6336187652   47.736  6.223  4.8662  4.311    3  0.000  4.115     0.01     0.09     0.09     0.06     0.05  2 -2.28e-12      0.00 1.991e-01 3.642e-01 3.359e-01 2.080e-04 8.443e-02 11.057 4.367e-01 -10.787 -6.686 -5.467 -5.128 -4.981 -4.791 -4.381 -4.244 -4.115
#isochrone terminated